130
26 0 1 2 3 4 5 6 7 8 9 10 14 15 16 17 19 25 30 35 40 45 50 55 60 65 70
39 0 1 2 3 4 5 6 7 8 9 10 14 15 16 17 19 25 26 30 31 35 36 40 41 45 46 50 51 55 56 60 61 65 66 70 71 75 76 81
36 0 1 2 3 4 5 6 7 8 9 10 14 15 16 17 19 26 27 31 32 36 37 41 42 46 47 51 52 56 57 61 62 66 67 71 72
34 0 1 2 3 4 5 6 7 9 10 14 15 16 17 19 27 28 32 33 37 38 42 43 47 48 52 53 57 58 62 63 67 72 73
36 0 1 2 3 4 5 6 7 9 10 14 15 16 17 19 28 29 33 34 38 39 43 44 48 49 53 54 58 59 63 64 68 69 73 78 88
27 0 1 2 3 4 5 6 7 9 10 14 15 16 17 19 29 34 39 44 49 54 59 64 69 74 84 89
15 0 1 2 3 4 5 6 7 8 9 10 11 12 17 19
14 0 1 2 3 4 5 6 7 8 9 10 13 17 19
13 0 1 2 3 4 5 6 7 8 11 12 17 19
7 5 6 7 9 13 17 19
17 1 2 3 5 6 7 10 11 12 13 17 19 27 30 33 50 54
16 0 1 2 3 4 5 6 7 8 9 10 11 12 13 17 19
13 0 1 2 3 4 5 6 7 8 11 12 17 19
16 0 1 2 3 4 5 6 7 8 9 10 11 12 13 17 19
17 0 1 2 3 4 5 6 7 8 9 10 11 12 13 14 17 19
1 15
15 0 1 2 3 4 5 6 7 8 9 10 13 16 17 19
25 0 1 2 3 4 5 6 7 8 9 10 11 12 13 14 15 16 17 18 19 32 41 57 62 67
9 6 7 10 11 12 13 17 18 19
35 0 1 2 3 4 5 6 7 8 9 10 11 12 13 14 15 16 17 19 26 31 32 36 37 41 42 46 47 51 52 56 57 61 62 67
22 20 25 30 35 40 45 50 55 60 65 70 75 80 85 90 95 100 105 110 115 120 125
21 21 26 31 36 41 46 51 56 61 66 71 76 81 86 91 96 101 106 111 116 121
14 22 27 32 37 42 47 52 57 62 67 72 77 82 87
22 23 28 33 38 43 48 53 58 63 68 73 78 83 88 93 98 103 108 113 118 123 128
22 24 29 34 39 44 49 54 59 64 69 74 79 84 89 94 99 104 109 114 119 124 129
5 0 1 17 19 25
5 1 2 17 19 26
5 2 3 17 19 27
5 3 4 17 19 28
5 4 5 17 19 29
5 0 1 17 19 30
5 1 2 17 19 31
5 2 3 17 19 32
5 3 4 17 19 33
5 4 5 17 19 34
5 0 1 17 19 35
5 1 2 17 19 36
5 2 3 17 19 37
5 3 4 17 19 38
5 4 5 17 19 39
5 0 1 17 19 40
5 1 2 17 19 41
5 2 3 17 19 42
5 3 4 17 19 43
5 4 5 17 19 44
5 0 1 17 19 45
5 1 2 17 19 46
5 2 3 17 19 47
5 3 4 17 19 48
5 4 5 17 19 49
5 0 1 17 19 50
5 1 2 17 19 51
5 2 3 17 19 52
5 3 4 17 19 53
5 4 5 17 19 54
5 0 1 17 19 55
5 1 2 17 19 56
5 2 3 17 19 57
5 3 4 17 19 58
5 4 5 17 19 59
5 0 1 17 19 60
5 1 2 17 19 61
5 2 3 17 19 62
5 3 4 17 19 63
5 4 5 17 19 64
5 0 1 17 19 65
5 1 2 17 19 66
5 2 3 17 19 67
5 3 4 17 19 68
5 4 5 17 19 69
5 0 1 17 19 70
5 1 2 17 19 71
5 2 3 17 19 72
5 3 4 17 19 73
5 4 5 17 19 74
5 0 1 17 19 75
5 1 2 17 19 76
5 2 3 17 19 77
5 3 4 17 19 78
5 4 5 17 19 79
5 0 1 17 19 80
5 1 2 17 19 81
5 2 3 17 19 82
5 3 4 17 19 83
5 4 5 17 19 84
5 0 1 17 19 85
5 1 2 17 19 86
5 2 3 17 19 87
5 3 4 17 19 88
5 4 5 17 19 89
5 0 1 17 19 90
5 1 2 17 19 91
5 2 3 17 19 92
5 3 4 17 19 93
5 4 5 17 19 94
5 0 1 17 19 95
5 1 2 17 19 96
5 2 3 17 19 97
5 3 4 17 19 98
5 4 5 17 19 99
5 0 1 17 19 100
5 1 2 17 19 101
5 2 3 17 19 102
5 3 4 17 19 103
5 4 5 17 19 104
5 0 1 17 19 105
5 1 2 17 19 106
5 2 3 17 19 107
5 3 4 17 19 108
5 4 5 17 19 109
5 0 1 17 19 110
5 1 2 17 19 111
5 2 3 17 19 112
5 3 4 17 19 113
5 4 5 17 19 114
5 0 1 17 19 115
5 1 2 17 19 116
5 2 3 17 19 117
5 3 4 17 19 118
5 4 5 17 19 119
5 0 1 17 19 120
5 1 2 17 19 121
5 2 3 17 19 122
5 3 4 17 19 123
5 4 5 17 19 124
5 0 1 17 19 125
5 1 2 17 19 126
5 2 3 17 19 127
5 3 4 17 19 128
5 4 5 17 19 129
