292
4 0 1 2 3
5 0 1 2 3 4
5 0 1 2 3 4
7 0 1 2 3 4 5 6
7 1 2 3 4 5 6 7
6 3 4 5 6 8 9
7 3 4 5 6 7 8 9
5 4 6 7 8 10
8 5 6 7 8 9 10 11 12
7 5 6 8 9 11 12 13
6 7 8 10 11 21 22
10 8 9 10 11 12 14 21 22 23 24
7 8 9 11 12 13 14 15
5 9 12 13 14 15
10 11 12 13 14 15 16 17 23 24 25
7 12 13 14 15 16 17 25
7 14 15 16 17 18 25 26
8 14 15 16 17 18 19 20 26
10 16 17 18 19 20 25 26 27 28 29
7 17 18 19 20 27 28 29
11 17 18 19 20 27 28 29 30 31 34 35
5 10 11 21 22 40
8 10 11 21 22 23 40 41 42
9 11 14 22 23 24 40 41 42 43
7 11 14 23 24 25 43 44
9 14 15 16 18 24 25 26 44 45
8 16 17 18 25 26 27 44 45
9 18 19 20 26 27 28 29 45 47
9 18 19 20 27 28 29 45 47 48
9 18 19 20 27 28 29 30 32 48
8 20 29 30 31 32 33 34 36
5 20 30 31 33 34
8 29 30 32 33 48 49 50 51
10 30 31 32 33 34 37 49 51 53 54
9 20 30 31 33 34 35 36 37 38
5 20 34 35 36 38
5 30 34 35 36 38
7 33 34 37 38 39 54 55
8 34 35 36 37 38 39 54 55
5 37 38 39 55 57
8 21 22 23 40 41 58 59 60
6 22 23 40 41 42 60
7 22 23 41 42 43 60 61
9 23 24 42 43 44 46 60 61 63
8 24 25 26 43 44 45 46 47
7 25 26 27 28 44 45 47
9 43 44 46 47 61 62 63 64 65
9 27 28 44 45 46 47 48 62 65
8 28 29 32 47 48 49 62 65
9 32 33 48 49 50 51 62 65 66
7 32 49 50 51 65 66 71
11 32 33 49 50 51 52 53 67 68 71 72
5 51 52 53 67 68
8 33 51 52 53 54 67 68 69
10 33 37 38 53 54 55 56 67 68 69
7 37 38 39 54 55 56 57
8 54 55 56 57 69 70 74 75
8 39 55 56 57 69 70 74 75
4 40 58 59 80
7 40 58 59 60 80 81 82
9 40 41 42 43 59 60 61 82 83
9 42 43 46 60 61 63 82 83 84
7 46 47 48 49 62 64 65
10 43 46 61 63 64 83 84 85 86 87
6 46 62 63 64 65 86
11 46 47 48 49 50 62 64 65 66 86 87
6 49 50 65 66 71 87
9 51 52 53 54 67 68 69 70 73
10 51 52 53 54 67 68 71 72 73 91
7 53 54 56 57 67 69 70
8 56 57 67 69 70 73 74 89
9 50 51 66 68 71 87 91 92 93
7 51 68 72 73 88 89 91
7 67 68 70 72 73 88 89
7 56 57 70 74 75 89 90
7 56 57 74 75 76 77 90
7 75 76 77 78 90 94 95
4 75 76 77 78
6 76 77 78 79 95 96
4 78 79 96 97
5 58 59 80 81 103
6 59 80 81 82 98 103
7 59 60 61 81 82 83 98
10 60 61 63 82 83 84 98 99 101 102
10 61 63 83 84 85 86 99 104 106 107
10 63 84 85 86 87 104 105 106 107 108
8 63 64 65 84 85 86 87 105
10 63 65 66 71 85 86 87 92 105 108
7 72 73 88 89 91 109 110
9 70 72 73 74 88 89 90 94 110
6 74 75 76 89 90 94
10 68 71 72 88 91 93 109 111 112 113
8 71 87 92 93 105 111 114 115
7 71 91 92 93 111 112 113
8 76 89 90 94 95 110 116 117
8 76 78 94 95 96 117 118 119
7 78 79 95 96 97 119 120
5 79 96 97 120 121
8 81 82 83 98 99 100 101 103
7 83 84 98 99 102 104 106
7 98 100 101 103 122 123 124
6 83 98 100 101 102 124
9 83 99 101 102 104 106 124 125 126
7 80 81 98 100 103 122 127
9 84 85 99 102 104 106 107 126 128
8 85 86 87 92 105 108 114 115
11 84 85 99 102 104 106 107 125 126 128 129
7 84 85 104 106 107 108 128
9 85 87 105 107 108 114 128 130 131
6 88 91 109 110 112 113
9 88 89 94 109 110 113 116 117 118
8 91 92 93 111 112 113 115 132
8 91 93 109 111 112 113 132 133
13 91 93 109 110 111 112 113 116 132 133 134 135 136
8 92 105 108 114 115 131 132 137
6 92 105 111 114 115 132
8 94 110 113 116 117 118 136 138
7 94 95 110 116 117 118 136
8 95 110 116 117 118 119 136 138
7 95 96 118 119 120 136 138
8 96 97 119 120 121 138 139 140
5 97 120 121 139 140
7 100 103 122 123 124 127 141
8 100 122 123 124 125 127 141 142
8 100 101 102 122 123 124 125 142
9 102 106 123 124 125 126 142 143 147
10 102 104 106 125 126 129 143 147 148 149
8 103 122 123 127 141 144 145 146
7 104 106 107 108 128 129 130
8 106 126 128 129 130 148 150 151
6 108 128 129 130 131 151
7 108 114 130 131 137 151 152
10 111 112 113 114 115 132 133 134 137 153
7 112 113 132 133 134 135 153
9 113 132 133 134 135 153 155 156 157
6 113 133 134 135 136 155
10 113 116 117 118 119 135 136 138 154 155
7 114 131 132 137 152 153 159
8 116 118 119 120 136 138 140 154
4 120 121 139 140
8 120 121 138 139 140 154 155 156
9 122 123 127 141 142 143 145 146 161
10 123 124 125 141 142 143 145 146 160 161
9 125 126 141 142 143 146 147 160 161
7 127 144 145 162 163 164 165
12 127 141 142 144 145 146 160 161 162 164 165 166
11 127 141 142 143 145 146 160 161 165 166 167
10 125 126 143 147 148 149 160 161 168 169
7 126 129 147 148 149 150 169
7 126 147 148 149 150 169 170
8 129 148 149 150 151 170 171 172
7 129 130 131 150 151 152 172
8 131 137 151 152 153 159 172 173
11 132 133 134 137 152 153 156 157 158 159 173
5 136 138 140 154 155
7 134 135 136 140 154 155 156
6 134 140 153 155 156 157
5 134 153 156 157 158
4 153 157 158 159
6 137 152 153 158 159 173
7 142 143 145 146 147 160 161
13 141 142 143 145 146 147 160 161 167 168 178 179 180
7 144 145 162 163 164 165 181
6 144 162 163 164 181 182
14 144 145 162 163 164 165 166 181 182 183 184 185 186 187
9 144 145 146 162 164 165 166 185 186
9 145 146 164 165 166 167 185 186 187
7 146 161 166 167 178 187 188
7 147 161 168 169 179 180 190
8 147 148 149 168 169 170 180 190
6 149 150 169 170 171 190
9 150 170 171 172 174 176 190 192 193
7 150 151 152 171 172 173 174
7 152 153 159 172 173 174 175
7 171 172 173 174 175 176 177
5 173 174 175 176 177
8 171 174 175 176 177 192 193 194
5 174 175 176 177 194
8 161 167 178 179 188 189 199 200
7 161 168 178 179 180 189 191
7 161 168 169 179 180 190 191
7 162 163 164 181 182 201 202
13 163 164 181 182 183 184 185 186 201 202 203 204 205
8 164 182 183 184 185 186 205 206
11 164 182 183 184 185 186 203 204 205 207 208
10 164 165 166 182 183 184 185 186 187 205
12 164 165 166 182 183 184 185 186 187 188 206 209
8 164 166 167 185 186 187 188 206
11 167 178 186 187 188 189 199 200 206 209 210
8 178 179 188 189 191 197 200 211
8 168 169 170 171 180 190 191 192
8 179 180 189 190 191 192 195 197
10 171 176 190 191 192 193 195 196 197 198
6 171 176 192 193 194 196
5 176 177 193 194 196
6 191 192 195 196 197 198
6 192 193 194 195 196 198
7 189 191 192 195 197 198 211
6 192 195 196 197 198 211
8 178 188 199 200 210 212 213 222
7 178 188 189 199 200 211 213
4 181 182 201 202
8 181 182 201 202 203 204 214 215
8 182 184 202 203 204 214 215 216
8 182 184 202 203 204 207 216 217
9 182 183 184 185 205 206 207 208 209
9 183 186 187 188 205 206 208 209 210
8 184 204 205 207 208 217 218 219
9 184 205 206 207 208 209 219 220 229
8 186 188 205 206 208 209 210 220
8 188 199 206 209 210 212 220 221
6 189 197 198 200 211 213
7 199 210 212 213 220 221 222
6 199 200 211 212 213 222
8 202 203 214 215 223 224 234 235
9 202 203 214 215 216 223 224 225 226
7 203 204 215 216 217 225 226
6 204 207 216 217 218 226
8 207 217 218 219 226 227 229 237
6 207 208 218 219 220 229
9 208 209 210 212 219 220 221 222 229
8 210 212 220 221 222 229 230 231
8 199 212 213 220 221 222 230 231
7 214 215 223 224 234 235 243
9 214 215 223 224 225 235 236 237 245
7 215 216 224 225 226 236 237
9 215 216 217 218 225 226 227 237 238
8 218 226 227 228 229 237 238 239
7 227 228 229 230 232 239 240
10 208 218 219 220 221 227 228 229 230 232
7 221 222 228 229 230 231 232
6 221 222 230 231 232 233
9 228 229 230 231 232 233 239 240 241
6 231 232 233 240 241 242
8 214 223 234 235 243 244 252 253
9 214 223 224 234 235 236 243 244 245
8 224 225 235 236 237 245 246 255
9 218 224 225 226 227 236 237 238 246
8 226 227 237 238 239 246 247 248
8 227 228 232 238 239 240 247 248
8 228 232 233 239 240 241 248 249
9 232 233 240 241 242 248 249 250 251
5 233 241 242 250 251
7 223 234 235 243 244 252 253
9 234 235 243 244 245 253 254 255 264
8 224 235 236 244 245 246 254 255
9 236 237 238 245 246 247 255 257 258
8 238 239 246 247 248 249 258 259
8 238 239 240 241 247 248 249 259
9 240 241 247 248 249 250 259 260 261
7 241 242 249 250 251 261 262
5 241 242 250 251 262
6 234 243 252 253 263 264
8 234 243 244 252 253 254 263 264
8 244 245 253 254 255 256 257 264
8 236 244 245 246 254 255 256 257
7 254 255 256 257 264 265 266
8 246 254 255 256 257 258 266 267
8 246 247 257 258 259 267 268 270
7 247 248 249 258 259 260 268
7 249 259 260 261 268 269 274
5 249 250 260 261 262
4 250 251 261 262
5 252 253 263 264 265
9 244 252 253 254 256 263 264 265 266
6 256 263 264 265 266 271
7 256 257 264 265 266 267 271
8 257 258 266 267 268 270 271 272
7 258 259 260 267 268 269 270
5 260 268 269 270 274
8 258 267 268 269 270 272 273 274
5 265 266 267 271 272
7 267 270 271 272 273 278 280
9 270 272 273 274 275 276 277 278 280
7 260 269 270 273 274 275 276
6 273 274 275 276 277 278
6 273 274 275 276 277 278
7 273 275 276 277 278 279 280
8 272 273 275 276 277 278 279 280
5 277 278 279 280 281
9 272 273 277 278 279 280 281 282 283
6 279 280 281 282 283 284
5 280 281 282 283 284
6 280 281 282 283 284 285
6 281 282 283 284 285 286
6 283 284 285 286 287 288
6 284 285 286 287 288 289
6 285 286 287 288 289 291
7 285 286 287 288 289 290 291
6 286 287 288 289 290 291
4 288 289 290 291
5 287 288 289 290 291
