85
5 0 1 5 6 7
6 0 1 2 7 8 9
4 1 2 3 9
6 2 3 4 9 10 11
4 3 4 11 22
6 0 5 6 12 13 44
7 0 5 6 7 13 14 15
7 0 1 6 7 8 15 17
8 1 7 8 9 10 17 18 19
6 1 2 3 8 9 10
8 3 8 9 10 11 19 20 21
6 3 4 10 11 21 22
4 5 12 43 44
7 5 6 13 14 44 45 46
8 6 13 14 15 16 30 46 47
6 6 7 14 15 16 17
7 14 15 16 17 28 29 30
8 7 8 15 16 17 18 27 28
6 8 17 18 19 26 27
6 8 10 18 19 20 26
8 10 19 20 21 23 24 25 26
6 10 11 20 21 22 23
6 4 11 21 22 23 31
8 20 21 22 23 24 31 32 33
5 20 23 24 25 33
7 20 24 25 26 33 35 36
8 18 19 20 25 26 27 36 38
6 17 18 26 27 28 38
7 16 17 27 28 29 38 39
7 16 28 29 30 39 41 42
7 14 16 29 30 42 47 48
5 22 23 31 32 63
6 23 31 32 33 62 63
9 23 24 25 32 33 34 35 63 64
6 33 34 35 37 64 65
6 25 33 34 35 36 37
6 25 26 35 36 37 38
8 34 35 36 37 38 65 66 68
10 26 27 28 36 37 38 39 40 68 69
7 28 29 38 39 40 41 70
5 38 39 40 69 70
7 29 39 41 42 49 70 71
7 29 30 41 42 48 49 50
6 12 43 44 51 52 53
8 5 12 13 43 44 45 51 56
6 13 44 45 46 56 57
6 13 14 45 46 47 57
7 14 30 46 47 48 57 58
7 30 42 47 48 50 58 59
6 41 42 49 50 71 72
7 42 48 49 50 59 60 72
6 43 44 51 53 56 80
5 43 52 53 54 84
7 43 51 52 53 54 55 80
7 52 53 54 55 82 83 84
6 53 54 55 80 81 82
7 44 45 51 56 57 79 80
7 45 46 47 56 57 58 79
8 47 48 57 58 59 60 78 79
5 48 50 58 59 60
9 50 58 59 60 61 72 75 77 78
6 60 61 72 73 75 77
3 32 62 63
6 31 32 33 62 63 64
5 33 34 63 64 65
5 34 37 64 65 66
5 37 65 66 67 68
3 66 67 68
6 37 38 66 67 68 69
5 38 40 68 69 70
6 39 40 41 69 70 71
5 41 49 70 71 72
7 49 50 60 61 71 72 73
5 61 72 73 74 75
3 73 74 75
7 60 61 73 74 75 76 77
3 75 76 77
6 60 61 75 76 77 78
5 58 60 77 78 79
6 56 57 58 78 79 80
7 51 53 55 56 79 80 81
4 55 80 81 82
5 54 55 81 82 83
4 54 82 83 84
4 52 54 83 84
