153
17 0 3 4 6 7 8 9 10 11 12 13 15 16 17 18 19 20
18 1 2 3 4 6 7 8 9 10 11 12 13 15 16 17 18 19 20
14 1 2 6 7 8 9 10 11 15 16 17 18 19 20
8 0 1 3 4 6 8 18 20
4 0 1 3 4
5 5 6 8 18 20
11 0 1 2 3 5 6 7 8 9 24 25
11 0 1 2 6 7 8 22 24 25 31 32
11 0 1 2 3 5 6 7 8 20 31 32
13 0 1 2 6 9 10 11 12 14 18 20 21 22
11 0 1 2 9 10 11 21 22 25 28 29
13 0 1 2 9 10 11 12 14 17 18 20 28 29
8 0 1 9 11 12 13 15 17
4 0 1 12 13
5 9 11 14 15 17
11 0 1 2 12 14 15 16 17 18 30 31
11 0 1 2 15 16 17 25 26 28 30 31
11 0 1 2 11 12 14 15 16 17 25 26
13 0 1 2 3 5 9 11 15 18 19 20 27 28
11 0 1 2 18 19 20 22 23 27 28 31
13 0 1 2 3 5 8 9 11 18 19 20 22 23
10 9 10 21 22 23 33 34 35 39 40
16 7 9 10 19 20 21 22 23 33 34 35 37 39 40 49 50
10 19 20 21 22 23 33 34 35 49 50
10 6 7 24 25 26 36 37 42 43 44
16 6 7 10 16 17 24 25 26 36 37 40 42 43 44 46 47
10 16 17 24 25 26 42 43 44 46 47
10 18 19 27 28 29 42 43 44 48 49
16 10 11 16 18 19 27 28 29 40 41 42 43 44 46 48 49
10 10 11 27 28 29 40 41 42 43 44
10 15 16 30 31 32 33 34 35 45 46
16 7 8 15 16 19 30 31 32 33 34 35 37 38 45 46 49
10 7 8 30 31 32 33 34 35 37 38
12 21 22 23 30 31 32 33 34 36 38 48 50
8 21 22 23 30 31 32 33 34
11 21 22 23 30 31 32 35 36 38 48 50
10 24 25 33 35 36 37 38 39 54 55
13 22 24 25 31 32 36 37 38 52 54 55 61 62
10 31 32 33 35 36 37 38 50 61 62
12 21 22 36 39 40 41 42 44 48 50 51 52
13 21 22 25 28 29 39 40 41 51 52 55 58 59
12 28 29 39 40 41 42 44 47 48 50 58 59
12 24 25 26 27 28 29 39 41 42 43 45 47
8 24 25 26 27 28 29 42 43
11 24 25 26 27 28 29 39 41 44 45 47
10 30 31 42 44 45 46 47 48 60 61
13 25 26 28 30 31 45 46 47 55 56 58 60 61
10 25 26 41 42 44 45 46 47 55 56
12 27 28 33 35 39 41 45 48 49 50 57 58
13 22 23 27 28 31 48 49 50 52 53 57 58 61
12 22 23 33 35 38 39 41 48 49 50 52 53
10 39 40 51 52 53 63 64 65 69 70
16 37 39 40 49 50 51 52 53 63 64 65 67 69 70 79 80
10 49 50 51 52 53 63 64 65 79 80
10 36 37 54 55 56 66 67 72 73 74
16 36 37 40 46 47 54 55 56 66 67 70 72 73 74 76 77
10 46 47 54 55 56 72 73 74 76 77
10 48 49 57 58 59 72 73 74 78 79
16 40 41 46 48 49 57 58 59 70 71 72 73 74 76 78 79
10 40 41 57 58 59 70 71 72 73 74
10 45 46 60 61 62 63 64 65 75 76
16 37 38 45 46 49 60 61 62 63 64 65 67 68 75 76 79
10 37 38 60 61 62 63 64 65 67 68
12 51 52 53 60 61 62 63 64 66 68 78 80
8 51 52 53 60 61 62 63 64
11 51 52 53 60 61 62 65 66 68 78 80
17 54 55 63 65 66 67 68 69 81 82 83 84 85 86 90 91 92
17 52 54 55 61 62 66 67 68 81 82 83 84 85 86 90 91 92
17 61 62 63 65 66 67 68 80 81 82 83 84 85 86 90 91 92
19 51 52 66 69 70 71 72 74 78 80 81 82 83 84 85 86 87 88 89
17 51 52 55 58 59 69 70 71 81 82 83 84 85 86 87 88 89
19 58 59 69 70 71 72 74 77 78 80 81 82 83 84 85 86 87 88 89
12 54 55 56 57 58 59 69 71 72 73 75 77
8 54 55 56 57 58 59 72 73
11 54 55 56 57 58 59 69 71 74 75 77
17 60 61 72 74 75 76 77 78 84 85 86 87 88 89 90 91 92
17 55 56 58 60 61 75 76 77 84 85 86 87 88 89 90 91 92
17 55 56 71 72 74 75 76 77 84 85 86 87 88 89 90 91 92
19 57 58 63 65 69 71 75 78 79 80 81 82 83 87 88 89 90 91 92
17 52 53 57 58 61 78 79 80 81 82 83 87 88 89 90 91 92
19 52 53 63 65 68 69 71 78 79 80 81 82 83 87 88 89 90 91 92
21 66 67 68 69 70 71 78 79 80 81 82 83 93 94 95 96 97 98 102 103 104
21 66 67 68 69 70 71 78 79 80 81 82 83 93 94 95 96 97 98 102 103 104
21 66 67 68 69 70 71 78 79 80 81 82 83 93 94 95 96 97 98 102 103 104
21 66 67 68 69 70 71 75 76 77 84 85 86 93 94 95 96 97 98 99 100 101
21 66 67 68 69 70 71 75 76 77 84 85 86 93 94 95 96 97 98 99 100 101
21 66 67 68 69 70 71 75 76 77 84 85 86 93 94 95 96 97 98 99 100 101
21 69 70 71 75 76 77 78 79 80 87 88 89 96 97 98 99 100 101 102 103 104
21 69 70 71 75 76 77 78 79 80 87 88 89 96 97 98 99 100 101 102 103 104
21 69 70 71 75 76 77 78 79 80 87 88 89 96 97 98 99 100 101 102 103 104
21 66 67 68 75 76 77 78 79 80 90 91 92 93 94 95 99 100 101 102 103 104
21 66 67 68 75 76 77 78 79 80 90 91 92 93 94 95 99 100 101 102 103 104
21 66 67 68 75 76 77 78 79 80 90 91 92 93 94 95 99 100 101 102 103 104
21 81 82 83 84 85 86 90 91 92 93 94 95 105 106 107 108 109 110 114 115 116
21 81 82 83 84 85 86 90 91 92 93 94 95 105 106 107 108 109 110 114 115 116
21 81 82 83 84 85 86 90 91 92 93 94 95 105 106 107 108 109 110 114 115 116
21 81 82 83 84 85 86 87 88 89 96 97 98 105 106 107 108 109 110 111 112 113
21 81 82 83 84 85 86 87 88 89 96 97 98 105 106 107 108 109 110 111 112 113
21 81 82 83 84 85 86 87 88 89 96 97 98 105 106 107 108 109 110 111 112 113
21 84 85 86 87 88 89 90 91 92 99 100 101 108 109 110 111 112 113 114 115 116
21 84 85 86 87 88 89 90 91 92 99 100 101 108 109 110 111 112 113 114 115 116
21 84 85 86 87 88 89 90 91 92 99 100 101 108 109 110 111 112 113 114 115 116
21 81 82 83 87 88 89 90 91 92 102 103 104 105 106 107 111 112 113 114 115 116
21 81 82 83 87 88 89 90 91 92 102 103 104 105 106 107 111 112 113 114 115 116
21 81 82 83 87 88 89 90 91 92 102 103 104 105 106 107 111 112 113 114 115 116
21 93 94 95 96 97 98 102 103 104 105 106 107 117 118 119 120 121 122 126 127 128
21 93 94 95 96 97 98 102 103 104 105 106 107 117 118 119 120 121 122 126 127 128
21 93 94 95 96 97 98 102 103 104 105 106 107 117 118 119 120 121 122 126 127 128
21 93 94 95 96 97 98 99 100 101 108 109 110 117 118 119 120 121 122 123 124 125
21 93 94 95 96 97 98 99 100 101 108 109 110 117 118 119 120 121 122 123 124 125
21 93 94 95 96 97 98 99 100 101 108 109 110 117 118 119 120 121 122 123 124 125
21 96 97 98 99 100 101 102 103 104 111 112 113 120 121 122 123 124 125 126 127 128
21 96 97 98 99 100 101 102 103 104 111 112 113 120 121 122 123 124 125 126 127 128
21 96 97 98 99 100 101 102 103 104 111 112 113 120 121 122 123 124 125 126 127 128
21 93 94 95 99 100 101 102 103 104 114 115 116 117 118 119 123 124 125 126 127 128
21 93 94 95 99 100 101 102 103 104 114 115 116 117 118 119 123 124 125 126 127 128
21 93 94 95 99 100 101 102 103 104 114 115 116 117 118 119 123 124 125 126 127 128
21 105 106 107 108 109 110 114 115 116 117 118 119 129 130 131 132 133 134 138 139 140
21 105 106 107 108 109 110 114 115 116 117 118 119 129 130 131 132 133 134 138 139 140
21 105 106 107 108 109 110 114 115 116 117 118 119 129 130 131 132 133 134 138 139 140
21 105 106 107 108 109 110 111 112 113 120 121 122 129 130 131 132 133 134 135 136 137
21 105 106 107 108 109 110 111 112 113 120 121 122 129 130 131 132 133 134 135 136 137
21 105 106 107 108 109 110 111 112 113 120 121 122 129 130 131 132 133 134 135 136 137
21 108 109 110 111 112 113 114 115 116 123 124 125 132 133 134 135 136 137 138 139 140
21 108 109 110 111 112 113 114 115 116 123 124 125 132 133 134 135 136 137 138 139 140
21 108 109 110 111 112 113 114 115 116 123 124 125 132 133 134 135 136 137 138 139 140
21 105 106 107 111 112 113 114 115 116 126 127 128 135 136 137 138 139 140 141 142 143
21 105 106 107 111 112 113 114 115 116 126 127 128 135 136 137 138 139 140 141 142 143
21 105 106 107 111 112 113 114 115 116 126 127 128 135 136 137 138 139 140 141 142 143
21 117 118 119 120 121 122 129 130 131 132 135 137 141 142 143 144 145 146 150 151 152
18 117 118 119 120 121 122 129 130 131 141 142 143 144 145 146 150 151 152
21 117 118 119 120 121 122 129 130 131 135 137 140 141 142 143 144 145 146 150 151 152
24 117 118 119 120 121 122 123 124 125 129 132 133 134 138 140 141 142 143 144 145 146 147 148 149
21 117 118 119 120 121 122 123 124 125 132 133 134 141 142 143 144 145 146 147 148 149
24 117 118 119 120 121 122 123 124 125 132 133 134 137 138 140 141 142 143 144 145 146 147 148 149
24 120 121 122 123 124 125 126 127 128 129 131 135 136 137 138 144 145 146 147 148 149 150 151 152
21 120 121 122 123 124 125 126 127 128 135 136 137 144 145 146 147 148 149 150 151 152
24 120 121 122 123 124 125 126 127 128 129 131 134 135 136 137 144 145 146 147 148 149 150 151 152
24 117 118 119 123 124 125 126 127 128 132 134 135 138 139 140 141 142 143 147 148 149 150 151 152
21 117 118 119 123 124 125 126 127 128 138 139 140 141 142 143 147 148 149 150 151 152
24 117 118 119 123 124 125 126 127 128 131 132 134 138 139 140 141 142 143 147 148 149 150 151 152
16 126 127 128 129 130 131 132 133 134 138 139 140 141 142 143 144
15 126 127 128 129 130 131 132 133 134 138 139 140 141 142 143
16 126 127 128 129 130 131 132 133 134 138 139 140 141 142 143 152
13 129 130 131 132 133 134 135 136 137 141 144 145 146
12 129 130 131 132 133 134 135 136 137 144 145 146
13 129 130 131 132 133 134 135 136 137 144 145 146 149
13 132 133 134 135 136 137 138 139 140 147 148 149 150
12 132 133 134 135 136 137 138 139 140 147 148 149
13 132 133 134 135 136 137 138 139 140 146 147 148 149
13 129 130 131 135 136 137 138 139 140 147 150 151 152
12 129 130 131 135 136 137 138 139 140 150 151 152
13 129 130 131 135 136 137 138 139 140 143 150 151 152
