161
9 0 1 15 16 17 31 64 65 79
9 0 1 2 16 17 18 64 65 66
9 1 2 3 17 18 19 65 66 67
9 2 3 4 18 19 20 66 67 68
9 3 4 5 19 20 21 67 68 69
9 4 5 6 20 21 22 68 69 70
9 5 6 7 21 22 23 69 70 71
9 6 7 8 22 23 24 70 71 72
9 7 8 9 23 24 25 71 72 73
9 8 9 10 24 25 26 72 73 74
9 9 10 11 25 26 27 73 74 75
9 10 11 12 26 27 28 74 75 76
9 11 12 13 27 28 29 75 76 77
9 12 13 14 28 29 30 76 77 78
9 13 14 15 29 30 31 77 78 79
9 0 14 15 16 30 31 64 78 79
9 0 1 15 16 17 31 32 33 47
9 0 1 2 16 17 18 32 33 34
9 1 2 3 17 18 19 33 34 35
9 2 3 4 18 19 20 34 35 36
9 3 4 5 19 20 21 35 36 37
9 4 5 6 20 21 22 36 37 38
9 5 6 7 21 22 23 37 38 39
9 6 7 8 22 23 24 38 39 40
9 7 8 9 23 24 25 39 40 41
9 8 9 10 24 25 26 40 41 42
9 9 10 11 25 26 27 41 42 43
9 10 11 12 26 27 28 42 43 44
9 11 12 13 27 28 29 43 44 45
9 12 13 14 28 29 30 44 45 46
9 13 14 15 29 30 31 45 46 47
9 0 14 15 16 30 31 32 46 47
9 16 17 31 32 33 47 48 49 63
9 16 17 18 32 33 34 48 49 50
9 17 18 19 33 34 35 49 50 51
9 18 19 20 34 35 36 50 51 52
9 19 20 21 35 36 37 51 52 53
9 20 21 22 36 37 38 52 53 54
9 21 22 23 37 38 39 53 54 55
9 22 23 24 38 39 40 54 55 56
9 23 24 25 39 40 41 55 56 57
9 24 25 26 40 41 42 56 57 58
9 25 26 27 41 42 43 57 58 59
9 26 27 28 42 43 44 58 59 60
9 27 28 29 43 44 45 59 60 61
9 28 29 30 44 45 46 60 61 62
9 29 30 31 45 46 47 61 62 63
9 16 30 31 32 46 47 48 62 63
6 32 33 47 48 49 63
6 32 33 34 48 49 50
6 33 34 35 49 50 51
6 34 35 36 50 51 52
6 35 36 37 51 52 53
6 36 37 38 52 53 54
6 37 38 39 53 54 55
6 38 39 40 54 55 56
6 39 40 41 55 56 57
6 40 41 42 56 57 58
6 41 42 43 57 58 59
6 42 43 44 58 59 60
6 43 44 45 59 60 61
6 44 45 46 60 61 62
6 45 46 47 61 62 63
6 32 46 47 48 62 63
9 0 1 15 64 65 79 80 81 95
9 0 1 2 64 65 66 80 81 82
9 1 2 3 65 66 67 81 82 83
9 2 3 4 66 67 68 82 83 84
9 3 4 5 67 68 69 83 84 85
9 4 5 6 68 69 70 84 85 86
9 5 6 7 69 70 71 85 86 87
9 6 7 8 70 71 72 86 87 88
9 7 8 9 71 72 73 87 88 89
9 8 9 10 72 73 74 88 89 90
9 9 10 11 73 74 75 89 90 91
9 10 11 12 74 75 76 90 91 92
9 11 12 13 75 76 77 91 92 93
9 12 13 14 76 77 78 92 93 94
9 13 14 15 77 78 79 93 94 95
9 0 14 15 64 78 79 80 94 95
9 64 65 79 80 81 95 96 97 111
9 64 65 66 80 81 82 96 97 98
9 65 66 67 81 82 83 97 98 99
9 66 67 68 82 83 84 98 99 100
9 67 68 69 83 84 85 99 100 101
9 68 69 70 84 85 86 100 101 102
9 69 70 71 85 86 87 101 102 103
9 70 71 72 86 87 88 102 103 104
9 71 72 73 87 88 89 103 104 105
9 72 73 74 88 89 90 104 105 106
9 73 74 75 89 90 91 105 106 107
9 74 75 76 90 91 92 106 107 108
9 75 76 77 91 92 93 107 108 109
9 76 77 78 92 93 94 108 109 110
9 77 78 79 93 94 95 109 110 111
9 64 78 79 80 94 95 96 110 111
9 80 81 95 96 97 111 112 113 127
9 80 81 82 96 97 98 112 113 114
9 81 82 83 97 98 99 113 114 115
9 82 83 84 98 99 100 114 115 116
9 83 84 85 99 100 101 115 116 117
9 84 85 86 100 101 102 116 117 118
9 85 86 87 101 102 103 117 118 119
9 86 87 88 102 103 104 118 119 120
9 87 88 89 103 104 105 119 120 121
9 88 89 90 104 105 106 120 121 122
9 89 90 91 105 106 107 121 122 123
9 90 91 92 106 107 108 122 123 124
9 91 92 93 107 108 109 123 124 125
9 92 93 94 108 109 110 124 125 126
9 93 94 95 109 110 111 125 126 127
9 80 94 95 96 110 111 112 126 127
9 96 97 111 112 113 127 128 129 143
9 96 97 98 112 113 114 128 129 130
9 97 98 99 113 114 115 129 130 131
9 98 99 100 114 115 116 130 131 132
9 99 100 101 115 116 117 131 132 133
9 100 101 102 116 117 118 132 133 134
9 101 102 103 117 118 119 133 134 135
9 102 103 104 118 119 120 134 135 136
9 103 104 105 119 120 121 135 136 137
9 104 105 106 120 121 122 136 137 138
9 105 106 107 121 122 123 137 138 139
9 106 107 108 122 123 124 138 139 140
9 107 108 109 123 124 125 139 140 141
9 108 109 110 124 125 126 140 141 142
9 109 110 111 125 126 127 141 142 143
9 96 110 111 112 126 127 128 142 143
9 112 113 127 128 129 143 144 145 159
9 112 113 114 128 129 130 144 145 146
9 113 114 115 129 130 131 145 146 147
9 114 115 116 130 131 132 146 147 148
9 115 116 117 131 132 133 147 148 149
9 116 117 118 132 133 134 148 149 150
9 117 118 119 133 134 135 149 150 151
9 118 119 120 134 135 136 150 151 152
9 119 120 121 135 136 137 151 152 153
9 120 121 122 136 137 138 152 153 154
9 121 122 123 137 138 139 153 154 155
9 122 123 124 138 139 140 154 155 156
9 123 124 125 139 140 141 155 156 157
9 124 125 126 140 141 142 156 157 158
9 125 126 127 141 142 143 157 158 159
9 112 126 127 128 142 143 144 158 159
7 128 129 143 144 145 159 160
7 128 129 130 144 145 146 160
7 129 130 131 145 146 147 160
7 130 131 132 146 147 148 160
7 131 132 133 147 148 149 160
7 132 133 134 148 149 150 160
7 133 134 135 149 150 151 160
7 134 135 136 150 151 152 160
7 135 136 137 151 152 153 160
7 136 137 138 152 153 154 160
7 137 138 139 153 154 155 160
7 138 139 140 154 155 156 160
7 139 140 141 155 156 157 160
7 140 141 142 156 157 158 160
7 141 142 143 157 158 159 160
7 128 142 143 144 158 159 160
17 144 145 146 147 148 149 150 151 152 153 154 155 156 157 158 159 160
