144
9 0 1 2 46 48 49 50 141 142
15 0 1 2 3 46 47 48 49 50 51 52 140 141 142 143
15 0 1 2 3 4 5 48 49 50 51 52 53 54 55 56
9 1 2 3 5 50 51 52 54 55
9 2 4 5 6 53 54 56 57 58
15 2 3 4 5 6 7 52 53 54 55 56 57 58 59 60
15 4 5 6 7 8 9 56 57 58 59 60 61 62 63 64
9 5 6 7 9 58 59 60 62 63
9 6 8 9 10 61 62 64 65 66
15 6 7 8 9 10 11 60 61 62 63 64 65 66 67 68
15 8 9 10 11 12 13 64 65 66 67 68 69 70 71 72
9 9 10 11 13 66 67 68 70 71
9 10 12 13 14 69 70 72 73 74
15 10 11 12 13 14 15 68 69 70 71 72 73 74 75 76
15 12 13 14 15 16 17 72 73 74 75 76 77 78 79 80
9 13 14 15 17 74 75 76 78 79
9 14 16 17 18 77 78 80 81 82
15 14 15 16 17 18 19 76 77 78 79 80 81 82 83 84
15 16 17 18 19 20 21 80 81 82 83 84 85 86 87 88
9 17 18 19 21 82 83 84 86 87
9 18 20 21 22 85 86 88 89 90
15 18 19 20 21 22 23 84 85 86 87 88 89 90 91 92
15 20 21 22 23 24 25 88 89 90 91 92 93 94 95 96
9 21 22 23 25 90 91 92 94 95
9 22 24 25 26 93 94 96 97 98
15 22 23 24 25 26 27 92 93 94 95 96 97 98 99 100
15 24 25 26 27 28 29 96 97 98 99 100 101 102 103 104
9 25 26 27 29 98 99 100 102 103
9 26 28 29 30 101 102 104 105 106
15 26 27 28 29 30 31 100 101 102 103 104 105 106 107 108
15 28 29 30 31 32 33 104 105 106 107 108 109 110 111 112
9 29 30 31 33 106 107 108 110 111
9 30 32 33 34 109 110 112 113 114
15 30 31 32 33 34 35 108 109 110 111 112 113 114 115 116
15 32 33 34 35 36 37 112 113 114 115 116 117 118 119 120
9 33 34 35 37 114 115 116 118 119
9 34 36 37 38 117 118 120 121 122
15 34 35 36 37 38 39 116 117 118 119 120 121 122 123 124
15 36 37 38 39 40 41 120 121 122 123 124 125 126 127 128
9 37 38 39 41 122 123 124 126 127
9 38 40 41 42 125 126 128 129 130
15 38 39 40 41 42 43 124 125 126 127 128 129 130 131 132
15 40 41 42 43 44 45 128 129 130 131 132 133 134 135 136
9 41 42 43 45 130 131 132 134 135
9 42 44 45 46 133 134 136 137 138
15 42 43 44 45 46 47 132 133 134 135 136 137 138 139 140
15 0 1 44 45 46 47 48 136 137 138 139 140 141 142 143
9 1 45 46 47 138 139 140 142 143
9 0 1 2 46 48 49 50 141 142
6 0 1 2 48 49 50
9 0 1 2 3 48 49 50 51 52
6 1 2 3 50 51 52
9 1 2 3 5 50 51 52 54 55
6 2 4 5 53 54 56
9 2 3 4 5 52 53 54 55 56
6 2 3 5 52 54 55
9 2 4 5 6 53 54 56 57 58
6 4 5 6 56 57 58
9 4 5 6 7 56 57 58 59 60
6 5 6 7 58 59 60
9 5 6 7 9 58 59 60 62 63
6 6 8 9 61 62 64
9 6 7 8 9 60 61 62 63 64
6 6 7 9 60 62 63
9 6 8 9 10 61 62 64 65 66
6 8 9 10 64 65 66
9 8 9 10 11 64 65 66 67 68
6 9 10 11 66 67 68
9 9 10 11 13 66 67 68 70 71
6 10 12 13 69 70 72
9 10 11 12 13 68 69 70 71 72
6 10 11 13 68 70 71
9 10 12 13 14 69 70 72 73 74
6 12 13 14 72 73 74
9 12 13 14 15 72 73 74 75 76
6 13 14 15 74 75 76
9 13 14 15 17 74 75 76 78 79
6 14 16 17 77 78 80
9 14 15 16 17 76 77 78 79 80
6 14 15 17 76 78 79
9 14 16 17 18 77 78 80 81 82
6 16 17 18 80 81 82
9 16 17 18 19 80 81 82 83 84
6 17 18 19 82 83 84
9 17 18 19 21 82 83 84 86 87
6 18 20 21 85 86 88
9 18 19 20 21 84 85 86 87 88
6 18 19 21 84 86 87
9 18 20 21 22 85 86 88 89 90
6 20 21 22 88 89 90
9 20 21 22 23 88 89 90 91 92
6 21 22 23 90 91 92
9 21 22 23 25 90 91 92 94 95
6 22 24 25 93 94 96
9 22 23 24 25 92 93 94 95 96
6 22 23 25 92 94 95
9 22 24 25 26 93 94 96 97 98
6 24 25 26 96 97 98
9 24 25 26 27 96 97 98 99 100
6 25 26 27 98 99 100
9 25 26 27 29 98 99 100 102 103
6 26 28 29 101 102 104
9 26 27 28 29 100 101 102 103 104
6 26 27 29 100 102 103
9 26 28 29 30 101 102 104 105 106
6 28 29 30 104 105 106
9 28 29 30 31 104 105 106 107 108
6 29 30 31 106 107 108
9 29 30 31 33 106 107 108 110 111
6 30 32 33 109 110 112
9 30 31 32 33 108 109 110 111 112
6 30 31 33 108 110 111
9 30 32 33 34 109 110 112 113 114
6 32 33 34 112 113 114
9 32 33 34 35 112 113 114 115 116
6 33 34 35 114 115 116
9 33 34 35 37 114 115 116 118 119
6 34 36 37 117 118 120
9 34 35 36 37 116 117 118 119 120
6 34 35 37 116 118 119
9 34 36 37 38 117 118 120 121 122
6 36 37 38 120 121 122
9 36 37 38 39 120 121 122 123 124
6 37 38 39 122 123 124
9 37 38 39 41 122 123 124 126 127
6 38 40 41 125 126 128
9 38 39 40 41 124 125 126 127 128
6 38 39 41 124 126 127
9 38 40 41 42 125 126 128 129 130
6 40 41 42 128 129 130
9 40 41 42 43 128 129 130 131 132
6 41 42 43 130 131 132
9 41 42 43 45 130 131 132 134 135
6 42 44 45 133 134 136
9 42 43 44 45 132 133 134 135 136
6 42 43 45 132 134 135
9 42 44 45 46 133 134 136 137 138
6 44 45 46 136 137 138
9 44 45 46 47 136 137 138 139 140
6 45 46 47 138 139 140
9 1 45 46 47 138 139 140 142 143
6 0 1 46 48 141 142
9 0 1 46 47 48 140 141 142 143
6 1 46 47 140 142 143
