292
5 0 7 8 55 56
35 1 29 30 34 37 38 49 51 78 79 83 85 86 96 98 125 126 130 132 133 143 145 174 175 179 181 182 192 194 230 231 234 235 238 239
35 2 21 22 26 29 30 47 49 71 72 76 78 79 94 96 118 119 123 125 126 141 143 167 168 172 174 175 190 192 218 219 222 223 226 227
35 3 13 14 18 21 22 45 47 64 65 69 71 72 92 94 111 112 116 118 119 139 141 160 161 165 167 168 188 190 206 207 210 211 214 215
35 4 32 33 36 40 41 50 52 81 82 84 88 89 97 99 128 129 131 135 136 144 146 177 178 180 184 185 193 195 277 278 281 282 285 286
35 5 24 25 28 32 33 48 50 74 75 77 81 82 95 97 121 122 124 128 129 142 144 170 171 173 177 178 191 193 265 266 269 270 273 274
35 6 16 17 20 24 25 46 48 67 68 70 74 75 93 95 114 115 117 121 122 140 142 163 164 166 170 171 189 191 253 254 257 258 261 262
4 0 7 9 55
4 0 8 9 56
6 7 8 9 10 55 56
8 9 10 11 12 14 15 16 57
6 10 11 13 14 15 55
6 10 12 15 16 17 56
7 3 11 13 14 18 55 210
10 3 10 11 13 14 15 18 19 55 210
9 10 11 12 14 15 16 18 19 20
10 6 10 12 15 16 17 19 20 56 257
7 6 12 16 17 20 56 257
10 3 13 14 15 18 19 21 22 23 210
10 14 15 16 18 19 20 22 23 24 58
10 6 15 16 17 19 20 23 24 25 257
7 2 3 18 21 22 26 210
10 2 3 18 19 21 22 23 26 27 210
9 18 19 20 22 23 24 26 27 28
10 5 6 19 20 23 24 25 27 28 257
7 5 6 20 24 25 28 257
9 2 21 22 23 26 27 29 30 31
10 22 23 24 26 27 28 30 31 32 59
9 5 23 24 25 27 28 31 32 33
7 1 2 26 29 30 34 234
10 1 2 26 27 29 30 31 34 35 234
9 26 27 28 30 31 32 34 35 36
10 4 5 27 28 31 32 33 35 36 281
7 4 5 28 32 33 36 281
10 1 29 30 31 34 35 37 38 39 234
10 30 31 32 34 35 36 38 39 40 60
10 4 31 32 33 35 36 39 40 41 281
8 1 34 37 38 42 53 102 234
11 1 34 35 37 38 39 42 43 53 102 234
9 34 35 36 38 39 40 42 43 44
11 4 35 36 39 40 41 43 44 54 103 281
8 4 36 40 41 44 54 103 281
7 37 38 39 42 43 53 102
7 38 39 40 42 43 44 61
7 39 40 41 43 44 54 103
4 3 45 55 210
4 6 46 56 257
4 2 3 47 210
4 5 6 48 257
4 1 2 49 234
4 4 5 50 281
5 1 51 53 102 234
5 4 52 54 103 281
6 37 38 42 51 53 102
6 40 41 44 52 54 103
10 0 7 9 11 13 14 45 55 100 149
10 0 8 9 12 16 17 46 56 101 150
8 10 57 62 63 65 66 67 104
11 19 58 65 66 67 69 70 72 73 74 105
11 27 59 72 73 74 76 77 79 80 81 106
11 35 60 79 80 81 83 84 86 87 88 107
8 43 61 86 87 88 90 91 108
7 57 62 64 65 66 100 149
7 57 63 66 67 68 101 150
8 3 62 64 65 69 100 149 210
11 3 57 58 62 64 65 66 69 100 149 210
9 57 58 62 63 65 66 67 69 70
11 6 57 58 63 66 67 68 70 101 150 257
8 6 63 67 68 70 101 150 257
10 3 58 64 65 66 69 71 72 73 210
10 6 58 66 67 68 70 73 74 75 257
7 2 3 69 71 72 76 210
10 2 3 58 59 69 71 72 73 76 210
9 58 59 69 70 72 73 74 76 77
10 5 6 58 59 70 73 74 75 77 257
7 5 6 70 74 75 77 257
9 2 59 71 72 73 76 78 79 80
9 5 59 73 74 75 77 80 81 82
7 1 2 76 78 79 83 234
10 1 2 59 60 76 78 79 80 83 234
9 59 60 76 77 79 80 81 83 84
10 4 5 59 60 77 80 81 82 84 281
7 4 5 77 81 82 84 281
10 1 60 78 79 80 83 85 86 87 234
10 4 60 80 81 82 84 87 88 89 281
7 1 83 85 86 90 102 234
10 1 60 61 83 85 86 87 90 102 234
9 60 61 83 84 86 87 88 90 91
10 4 60 61 84 87 88 89 91 103 281
7 4 84 88 89 91 103 281
6 61 85 86 87 90 102
6 61 87 88 89 91 103
5 3 92 100 149 210
5 6 93 101 150 257
4 2 3 94 210
4 5 6 95 257
4 1 2 96 234
4 4 5 97 281
4 1 98 102 234
4 4 99 103 281
7 55 62 64 65 92 100 149
7 56 63 67 68 93 101 150
12 37 38 42 51 53 85 86 90 98 102 147 196
12 40 41 44 52 54 88 89 91 99 103 148 197
8 57 104 109 110 112 113 114 152
11 58 105 112 113 114 116 117 119 120 121 154
11 59 106 119 120 121 123 124 126 127 128 155
11 60 107 126 127 128 130 131 133 134 135 156
8 61 108 133 134 135 137 138 157
6 104 109 111 112 113 149
6 104 110 113 114 115 150
7 3 109 111 112 116 149 210
10 3 104 105 109 111 112 113 116 149 210
9 104 105 109 110 112 113 114 116 117
10 6 104 105 110 113 114 115 117 150 257
7 6 110 114 115 117 150 257
10 3 105 111 112 113 116 118 119 120 210
10 6 105 113 114 115 117 120 121 122 257
7 2 3 116 118 119 123 210
10 2 3 105 106 116 118 119 120 123 210
9 105 106 116 117 119 120 121 123 124
10 5 6 105 106 117 120 121 122 124 257
7 5 6 117 121 122 124 257
9 2 106 118 119 120 123 125 126 127
9 5 106 120 121 122 124 127 128 129
7 1 2 123 125 126 130 234
10 1 2 106 107 123 125 126 127 130 234
9 106 107 123 124 126 127 128 130 131
10 4 5 106 107 124 127 128 129 131 281
7 4 5 124 128 129 131 281
10 1 107 125 126 127 130 132 133 134 234
10 4 107 127 128 129 131 134 135 136 281
8 1 130 132 133 137 147 196 234
11 1 107 108 130 132 133 134 137 147 196 234
9 107 108 130 131 133 134 135 137 138
11 4 107 108 131 134 135 136 138 148 197 281
8 4 131 135 136 138 148 197 281
7 108 132 133 134 137 147 196
7 108 134 135 136 138 148 197
4 3 139 149 210
4 6 140 150 257
4 2 3 141 210
4 5 6 142 257
4 1 2 143 234
4 4 5 144 281
5 1 145 147 196 234
5 4 146 148 197 281
7 102 132 133 137 145 147 196
7 103 135 136 138 146 148 197
12 55 62 64 65 92 100 109 111 112 139 149 151
12 56 63 67 68 93 101 110 114 115 140 150 153
6 149 151 158 160 161 188
7 104 152 158 159 161 162 163
6 150 153 159 163 164 189
10 105 154 161 162 163 165 166 168 169 170
10 106 155 168 169 170 172 173 175 176 177
10 107 156 175 176 177 179 180 182 183 184
7 108 157 182 183 184 186 187
6 151 152 158 160 161 162
6 152 153 159 162 163 164
7 3 151 158 160 161 165 210
10 3 151 152 154 158 160 161 162 165 210
9 152 154 158 159 161 162 163 165 166
10 6 152 153 154 159 162 163 164 166 257
7 6 153 159 163 164 166 257
10 3 154 160 161 162 165 167 168 169 210
10 6 154 162 163 164 166 169 170 171 257
7 2 3 165 167 168 172 210
10 2 3 154 155 165 167 168 169 172 210
9 154 155 165 166 168 169 170 172 173
10 5 6 154 155 166 169 170 171 173 257
7 5 6 166 170 171 173 257
9 2 155 167 168 169 172 174 175 176
9 5 155 169 170 171 173 176 177 178
7 1 2 172 174 175 179 234
10 1 2 155 156 172 174 175 176 179 234
9 155 156 172 173 175 176 177 179 180
10 4 5 155 156 173 176 177 178 180 281
7 4 5 173 177 178 180 281
10 1 156 174 175 176 179 181 182 183 234
10 4 156 176 177 178 180 183 184 185 281
7 1 179 181 182 186 196 234
10 1 156 157 179 181 182 183 186 196 234
9 156 157 179 180 182 183 184 186 187
10 4 156 157 180 183 184 185 187 197 281
7 4 180 184 185 187 197 281
6 157 181 182 183 186 196
6 157 183 184 185 187 197
4 3 151 188 210
4 6 153 189 257
4 2 3 190 210
4 5 6 191 257
4 1 2 192 234
4 4 5 193 281
4 1 194 196 234
4 4 195 197 281
11 102 132 133 137 145 147 181 182 186 194 196
11 103 135 136 138 146 148 184 185 187 195 197
4 198 199 202 203
6 198 199 200 202 203 204
6 199 200 201 203 204 205
4 200 201 204 205
6 198 199 202 203 206 207
9 198 199 200 202 203 204 206 207 208
9 199 200 201 203 204 205 207 208 209
6 200 201 204 205 208 209
7 3 202 203 206 207 210 211
10 3 202 203 204 206 207 208 210 211 212
9 203 204 205 207 208 209 211 212 213
6 204 205 208 209 212 213
35 3 13 14 18 21 22 45 47 64 65 69 71 72 92 94 111 112 116 118 119 139 141 160 161 165 167 168 188 190 206 207 210 211 214 215
10 3 206 207 208 210 211 212 214 215 216
9 207 208 209 211 212 213 215 216 217
6 208 209 212 213 216 217
7 3 210 211 214 215 218 219
10 3 210 211 212 214 215 216 218 219 220
9 211 212 213 215 216 217 219 220 221
6 212 213 216 217 220 221
7 2 214 215 218 219 222 223
10 2 214 215 216 218 219 220 222 223 224
9 215 216 217 219 220 221 223 224 225
6 216 217 220 221 224 225
7 2 218 219 222 223 226 227
10 2 218 219 220 222 223 224 226 227 228
9 219 220 221 223 224 225 227 228 229
6 220 221 224 225 228 229
7 2 222 223 226 227 230 231
10 2 222 223 224 226 227 228 230 231 232
9 223 224 225 227 228 229 231 232 233
6 224 225 228 229 232 233
7 1 226 227 230 231 234 235
10 1 226 227 228 230 231 232 234 235 236
9 227 228 229 231 232 233 235 236 237
6 228 229 232 233 236 237
35 1 29 30 34 37 38 49 51 78 79 83 85 86 96 98 125 126 130 132 133 143 145 174 175 179 181 182 192 194 230 231 234 235 238 239
10 1 230 231 232 234 235 236 238 239 240
9 231 232 233 235 236 237 239 240 241
6 232 233 236 237 240 241
7 1 234 235 238 239 242 243
10 1 234 235 236 238 239 240 242 243 244
8 235 236 237 239 240 241 243 244
5 236 237 240 241 244
4 238 239 242 243
6 238 239 240 242 243 244
5 239 240 241 243 244
4 245 246 249 250
6 245 246 247 249 250 251
6 246 247 248 250 251 252
4 247 248 251 252
6 245 246 249 250 253 254
9 245 246 247 249 250 251 253 254 255
9 246 247 248 250 251 252 254 255 256
6 247 248 251 252 255 256
7 6 249 250 253 254 257 258
10 6 249 250 251 253 254 255 257 258 259
9 250 251 252 254 255 256 258 259 260
6 251 252 255 256 259 260
35 6 16 17 20 24 25 46 48 67 68 70 74 75 93 95 114 115 117 121 122 140 142 163 164 166 170 171 189 191 253 254 257 258 261 262
10 6 253 254 255 257 258 259 261 262 263
9 254 255 256 258 259 260 262 263 264
6 255 256 259 260 263 264
7 6 257 258 261 262 265 266
10 6 257 258 259 261 262 263 265 266 267
9 258 259 260 262 263 264 266 267 268
6 259 260 263 264 267 268
7 5 261 262 265 266 269 270
10 5 261 262 263 265 266 267 269 270 271
9 262 263 264 266 267 268 270 271 272
6 263 264 267 268 271 272
7 5 265 266 269 270 273 274
10 5 265 266 267 269 270 271 273 274 275
9 266 267 268 270 271 272 274 275 276
6 267 268 271 272 275 276
7 5 269 270 273 274 277 278
10 5 269 270 271 273 274 275 277 278 279
9 270 271 272 274 275 276 278 279 280
6 271 272 275 276 279 280
7 4 273 274 277 278 281 282
10 4 273 274 275 277 278 279 281 282 283
9 274 275 276 278 279 280 282 283 284
6 275 276 279 280 283 284
35 4 32 33 36 40 41 50 52 81 82 84 88 89 97 99 128 129 131 135 136 144 146 177 178 180 184 185 193 195 277 278 281 282 285 286
10 4 277 278 279 281 282 283 285 286 287
9 278 279 280 282 283 284 286 287 288
6 279 280 283 284 287 288
7 4 281 282 285 286 289 290
10 4 281 282 283 285 286 287 289 290 291
8 282 283 284 286 287 288 290 291
5 283 284 287 288 291
4 285 286 289 290
6 285 286 287 289 290 291
5 286 287 288 290 291
