760
11 0 20 40 60 100 120 340 480 500 520 740
11 1 21 41 61 101 121 341 481 501 521 741
11 2 22 42 62 102 122 342 482 502 522 742
11 3 23 43 63 103 123 343 483 503 523 743
11 4 24 44 64 104 124 344 484 504 524 744
11 5 25 45 65 105 125 345 485 505 525 745
11 6 26 46 66 106 126 346 486 506 526 746
11 7 27 47 67 107 127 347 487 507 527 747
11 8 28 48 68 108 128 348 488 508 528 748
11 9 29 49 69 109 129 349 489 509 529 749
11 10 30 50 70 110 130 350 490 510 530 750
11 11 31 51 71 111 131 351 491 511 531 751
11 12 32 52 72 112 132 352 492 512 532 752
11 13 33 53 73 113 133 353 493 513 533 753
12 14 34 54 74 114 134 194 354 494 514 534 754
12 15 35 55 75 115 135 195 355 495 515 535 755
12 16 36 56 76 116 136 196 356 496 516 536 756
12 17 37 57 77 117 137 197 357 497 517 537 757
12 18 38 58 78 118 138 198 358 498 518 538 758
12 19 39 59 79 119 139 199 359 499 519 539 759
9 20 60 320 560 580 600 620 660 740
10 21 61 321 561 581 601 621 661 721 741
9 22 62 322 562 582 602 622 662 742
9 23 63 323 563 583 603 623 663 743
9 24 64 324 564 584 604 624 664 744
9 25 65 325 565 585 605 625 665 745
9 26 66 326 566 586 606 626 666 746
9 27 67 327 567 587 607 627 667 747
9 28 68 328 568 588 608 628 668 748
9 29 69 329 569 589 609 629 669 749
9 30 70 330 570 590 610 630 670 750
9 31 71 331 571 591 611 631 671 751
9 32 72 332 572 592 612 632 672 752
8 33 73 333 573 593 613 633 753
8 34 74 334 574 594 614 634 754
8 35 75 335 575 595 615 635 755
8 36 76 336 576 596 616 636 756
8 37 77 337 577 597 617 637 757
8 38 78 338 578 598 618 638 758
8 39 79 339 579 599 619 639 759
21 0 20 40 60 80 100 120 140 160 260 280 300 320 480 540 560 580 620 640 680 740
21 1 21 41 61 81 101 121 141 161 261 281 301 321 481 541 561 581 621 641 681 741
21 2 22 42 62 82 102 122 142 162 262 282 302 322 482 542 562 582 622 642 682 742
21 3 23 43 63 83 103 123 143 163 263 283 303 323 483 543 563 583 623 643 683 743
21 4 24 44 64 84 104 124 144 164 264 284 304 324 484 544 564 584 624 644 684 744
21 5 25 45 65 85 105 125 145 165 265 285 305 325 485 545 565 585 625 645 685 745
21 6 26 46 66 86 106 126 146 166 266 286 306 326 486 546 566 586 626 646 686 746
21 7 27 47 67 87 107 127 147 167 267 287 307 327 487 547 567 587 627 647 687 747
21 8 28 48 68 88 108 128 148 168 268 288 308 328 488 548 568 588 628 648 688 748
21 9 29 49 69 89 109 129 149 169 269 289 309 329 489 549 569 589 629 649 689 749
21 10 30 50 70 90 110 130 150 170 270 290 310 330 490 550 570 590 630 650 690 750
21 11 31 51 71 91 111 131 151 171 271 291 311 331 491 551 571 591 631 651 691 751
21 12 32 52 72 92 112 132 152 172 272 292 312 332 492 552 572 592 632 652 692 752
21 13 33 53 73 93 113 133 153 173 273 293 313 333 493 553 573 593 633 653 693 753
21 14 34 54 74 94 114 134 154 174 274 294 314 334 494 554 574 594 634 654 694 754
21 15 35 55 75 95 115 135 155 175 275 295 315 335 495 555 575 595 635 655 695 755
21 16 36 56 76 96 116 136 156 176 276 296 316 336 496 556 576 596 636 656 696 756
21 17 37 57 77 97 117 137 157 177 277 297 317 337 497 557 577 597 637 657 697 757
21 18 38 58 78 98 118 138 158 178 278 298 318 338 498 558 578 598 638 658 698 758
21 19 39 59 79 99 119 139 159 179 279 299 319 339 499 559 579 599 639 659 699 759
13 0 40 60 61 80 100 120 220 340 480 500 520 740
14 1 41 60 61 62 81 101 121 221 341 481 501 521 741
14 2 42 61 62 63 82 102 122 222 342 482 502 522 742
14 3 43 62 63 64 83 103 123 223 343 483 503 523 743
14 4 44 63 64 65 84 104 124 224 344 484 504 524 744
14 5 45 64 65 66 85 105 125 225 345 485 505 525 745
14 6 46 65 66 67 86 106 126 226 346 486 506 526 746
14 7 47 66 67 68 87 107 127 227 347 487 507 527 747
14 8 48 67 68 69 88 108 128 228 348 488 508 528 748
14 9 49 68 69 70 89 109 129 229 349 489 509 529 749
14 10 50 69 70 71 90 110 130 230 350 490 510 530 750
14 11 51 70 71 72 91 111 131 231 351 491 511 531 751
14 12 52 71 72 73 92 112 132 232 352 492 512 532 752
14 13 53 72 73 74 93 113 133 233 353 493 513 533 753
15 14 54 73 74 75 94 114 134 194 234 354 494 514 534 754
15 15 55 74 75 76 95 115 135 195 235 355 495 515 535 755
15 16 56 75 76 77 96 116 136 196 236 356 496 516 536 756
15 17 57 76 77 78 97 117 137 197 237 357 497 517 537 757
15 18 58 77 78 79 98 118 138 198 238 358 498 518 538 758
14 19 59 78 79 99 119 139 199 239 359 499 519 539 759
4 40 60 80 81
5 41 61 80 81 82
5 42 62 81 82 83
5 43 63 82 83 84
5 44 64 83 84 85
5 45 65 84 85 86
5 46 66 85 86 87
5 47 67 86 87 88
5 48 68 87 88 89
5 49 69 88 89 90
5 50 70 89 90 91
5 51 71 90 91 92
5 52 72 91 92 93
5 53 73 92 93 94
5 54 74 93 94 95
5 55 75 94 95 96
5 56 76 95 96 97
5 57 77 96 97 98
5 58 78 97 98 99
4 59 79 98 99
11 0 20 60 100 101 120 220 340 500 600 740
12 1 21 61 100 101 102 121 221 341 501 601 741
12 2 22 62 101 102 103 122 222 342 502 602 742
12 3 23 63 102 103 104 123 223 343 503 603 743
12 4 24 64 103 104 105 124 224 344 504 604 744
12 5 25 65 104 105 106 125 225 345 505 605 745
12 6 26 66 105 106 107 126 226 346 506 606 746
12 7 27 67 106 107 108 127 227 347 507 607 747
12 8 28 68 107 108 109 128 228 348 508 608 748
12 9 29 69 108 109 110 129 229 349 509 609 749
12 10 30 70 109 110 111 130 230 350 510 610 750
12 11 31 71 110 111 112 131 231 351 511 611 751
12 12 32 72 111 112 113 132 232 352 512 612 752
12 13 33 73 112 113 114 133 233 353 513 613 753
13 14 34 74 113 114 115 134 194 234 354 514 614 754
13 15 35 75 114 115 116 135 195 235 355 515 615 755
13 16 36 76 115 116 117 136 196 236 356 516 616 756
13 17 37 77 116 117 118 137 197 237 357 517 617 757
13 18 38 78 117 118 119 138 198 238 358 518 618 758
12 19 39 79 118 119 139 199 239 359 519 619 759
13 0 40 100 120 140 160 220 240 300 340 380 680 740
13 1 41 101 121 141 161 221 241 301 341 381 681 741
13 2 42 102 122 142 162 222 242 302 342 382 682 742
13 3 43 103 123 143 163 223 243 303 343 383 683 743
13 4 44 104 124 144 164 224 244 304 344 384 684 744
13 5 45 105 125 145 165 225 245 305 345 385 685 745
13 6 46 106 126 146 166 226 246 306 346 386 686 746
13 7 47 107 127 147 167 227 247 307 347 387 687 747
13 8 48 108 128 148 168 228 248 308 348 388 688 748
13 9 49 109 129 149 169 229 249 309 349 389 689 749
13 10 50 110 130 150 170 230 250 310 350 390 690 750
13 11 51 111 131 151 171 231 251 311 351 391 691 751
13 12 52 112 132 152 172 232 252 312 352 392 692 752
13 13 53 113 133 153 173 233 253 313 353 393 693 753
13 14 54 114 134 154 174 234 254 314 354 394 694 754
13 15 55 115 135 155 175 235 255 315 355 395 695 755
13 16 56 116 136 156 176 236 256 316 356 396 696 756
13 17 57 117 137 157 177 237 257 317 357 397 697 757
13 18 58 118 138 158 178 238 258 318 358 398 698 758
13 19 59 119 139 159 179 239 259 319 359 399 699 759
5 40 120 140 141 300
6 41 121 140 141 142 301
6 42 122 141 142 143 302
6 43 123 142 143 144 303
6 44 124 143 144 145 304
6 45 125 144 145 146 305
6 46 126 145 146 147 306
6 47 127 146 147 148 307
6 48 128 147 148 149 308
6 49 129 148 149 150 309
6 50 130 149 150 151 310
6 51 131 150 151 152 311
6 52 132 151 152 153 312
6 53 133 152 153 154 313
6 54 134 153 154 155 314
6 55 135 154 155 156 315
6 56 136 155 156 157 316
6 57 137 156 157 158 317
6 58 138 157 158 159 318
5 59 139 158 159 319
9 0 20 40 160 260 300 580 640 740
10 1 21 41 161 261 301 321 581 641 741
10 2 22 42 162 262 302 322 582 642 742
10 3 23 43 163 263 303 323 583 643 743
10 4 24 44 164 264 304 324 584 644 744
10 5 25 45 165 265 305 325 585 645 745
10 6 26 46 166 266 306 326 586 646 746
10 7 27 47 167 267 307 327 587 647 747
10 8 28 48 168 268 308 328 588 648 748
10 9 29 49 169 269 309 329 589 649 749
10 10 30 50 170 270 310 330 590 650 750
10 11 31 51 171 271 311 331 591 651 751
10 12 32 52 172 272 312 332 592 652 752
10 13 33 53 173 273 313 333 593 653 753
11 14 34 54 174 274 314 334 574 594 654 754
11 15 35 55 175 275 315 335 575 595 655 755
11 16 36 56 176 276 316 336 576 596 656 756
11 17 37 57 177 277 317 337 577 597 657 757
11 18 38 58 178 278 318 338 578 598 658 758
11 19 39 59 179 279 319 339 579 599 659 759
1 180
1 181
1 182
1 183
1 184
1 185
1 186
1 187
1 188
1 189
1 190
1 191
1 192
1 193
4 74 114 194 754
4 75 115 195 755
4 76 116 196 756
4 77 117 197 757
4 78 118 198 758
4 79 119 199 759
5 20 40 200 300 620
6 21 41 201 301 441 621
7 22 42 202 302 442 622 682
7 23 43 203 303 443 623 683
7 24 44 204 304 444 624 684
7 25 45 205 305 445 625 685
7 26 46 206 306 446 626 686
7 27 47 207 307 447 627 687
7 28 48 208 308 448 628 688
7 29 49 209 309 449 629 689
7 30 50 210 310 450 630 690
7 31 51 211 311 451 631 691
7 32 52 212 312 452 632 692
7 33 53 213 313 453 633 693
7 34 54 214 314 454 634 694
7 35 55 215 315 455 635 695
7 36 56 216 316 456 636 696
7 37 57 217 317 457 637 697
7 38 58 218 318 458 638 698
7 39 59 219 319 459 639 699
4 100 120 200 220
4 101 121 201 221
4 102 122 202 222
4 103 123 203 223
4 104 124 204 224
4 105 125 205 225
4 106 126 206 226
4 107 127 207 227
4 108 128 208 228
4 109 129 209 229
4 110 130 210 230
4 111 131 211 231
4 112 132 212 232
4 113 133 213 233
4 114 134 214 234
4 115 135 215 235
4 116 136 216 236
4 117 137 217 237
4 118 138 218 238
4 119 139 219 239
4 100 220 240 280
4 101 221 241 281
4 102 222 242 282
4 103 223 243 283
4 104 224 244 284
4 105 225 245 285
4 106 226 246 286
4 107 227 247 287
4 108 228 248 288
4 109 229 249 289
4 110 230 250 290
4 111 231 251 291
4 112 232 252 292
4 113 233 253 293
4 114 234 254 294
4 115 235 255 295
4 116 236 256 296
4 117 237 257 297
4 118 238 258 298
4 119 239 259 299
4 40 240 260 300
4 41 241 261 301
4 42 242 262 302
4 43 243 263 303
4 44 244 264 304
4 45 245 265 305
4 46 246 266 306
4 47 247 267 307
4 48 248 268 308
4 49 249 269 309
4 50 250 270 310
4 51 251 271 311
4 52 252 272 312
4 53 253 273 313
4 54 254 274 314
4 55 255 275 315
4 56 256 276 316
4 57 257 277 317
4 58 258 278 318
4 59 259 279 319
4 120 220 280 281
5 121 221 280 281 282
5 122 222 281 282 283
5 123 223 282 283 284
5 124 224 283 284 285
5 125 225 284 285 286
5 126 226 285 286 287
5 127 227 286 287 288
5 128 228 287 288 289
5 129 229 288 289 290
5 130 230 289 290 291
5 131 231 290 291 292
5 132 232 291 292 293
5 133 233 292 293 294
5 134 234 293 294 295
5 135 235 294 295 296
5 136 236 295 296 297
5 137 237 296 297 298
5 138 238 297 298 299
4 139 239 298 299
18 0 20 40 100 120 140 260 300 320 340 540 580 620 660 680 700 720 740
20 1 21 41 101 121 141 261 301 321 341 361 401 541 581 621 661 681 701 721 741
20 2 22 42 102 122 142 262 302 322 342 362 402 542 582 622 662 682 702 722 742
20 3 23 43 103 123 143 263 303 323 343 363 403 543 583 623 663 683 703 723 743
20 4 24 44 104 124 144 264 304 324 344 364 404 544 584 624 664 684 704 724 744
20 5 25 45 105 125 145 265 305 325 345 365 405 545 585 625 665 685 705 725 745
20 6 26 46 106 126 146 266 306 326 346 366 406 546 586 626 666 686 706 726 746
20 7 27 47 107 127 147 267 307 327 347 367 407 547 587 627 667 687 707 727 747
20 8 28 48 108 128 148 268 308 328 348 368 408 548 588 628 668 688 708 728 748
20 9 29 49 109 129 149 269 309 329 349 369 409 549 589 629 669 689 709 729 749
20 10 30 50 110 130 150 270 310 330 350 370 410 550 590 630 670 690 710 730 750
20 11 31 51 111 131 151 271 311 331 351 371 411 551 591 631 671 691 711 731 751
19 12 32 52 112 132 152 272 312 332 352 372 412 552 592 632 672 692 732 752
19 13 33 53 113 133 153 273 313 333 353 373 413 553 593 633 673 693 733 753
19 14 34 54 114 134 154 274 314 334 354 374 414 554 594 634 674 694 734 754
19 15 35 55 115 135 155 275 315 335 355 375 415 555 595 635 675 695 735 755
18 16 36 56 116 136 156 276 316 336 356 376 556 596 636 676 696 736 756
19 17 37 57 117 137 157 277 317 337 357 377 417 557 597 637 677 697 737 757
19 18 38 58 118 138 158 278 318 338 358 378 418 558 598 638 678 698 738 758
18 19 39 59 119 139 159 279 319 339 359 379 559 599 639 679 699 739 759
9 20 40 120 260 300 320 321 580 620
10 21 41 121 261 301 320 321 322 581 621
10 22 42 122 262 302 321 322 323 582 622
10 23 43 123 263 303 322 323 324 583 623
10 24 44 124 264 304 323 324 325 584 624
10 25 45 125 265 305 324 325 326 585 625
10 26 46 126 266 306 325 326 327 586 626
10 27 47 127 267 307 326 327 328 587 627
10 28 48 128 268 308 327 328 329 588 628
10 29 49 129 269 309 328 329 330 589 629
10 30 50 130 270 310 329 330 331 590 630
10 31 51 131 271 311 330 331 332 591 631
10 32 52 132 272 312 331 332 333 592 632
10 33 53 133 273 313 332 333 334 593 633
10 34 54 134 274 314 333 334 335 594 634
10 35 55 135 275 315 334 335 336 595 635
10 36 56 136 276 316 335 336 337 596 636
10 37 57 137 277 317 336 337 338 597 637
10 38 58 138 278 318 337 338 339 598 638
9 39 59 139 279 319 338 339 599 639
8 0 60 100 120 300 340 480 740
9 1 61 101 121 301 341 481 721 741
9 2 62 102 122 302 342 482 722 742
9 3 63 103 123 303 343 483 723 743
9 4 64 104 124 304 344 484 724 744
10 5 65 105 125 305 345 485 705 725 745
9 6 66 106 126 306 346 486 726 746
10 7 67 107 127 307 347 487 707 727 747
9 8 68 108 128 308 348 488 728 748
9 9 69 109 129 309 349 489 729 749
9 10 70 110 130 310 350 490 730 750
9 11 71 111 131 311 351 491 731 751
9 12 72 112 132 312 352 492 732 752
9 13 73 113 133 313 353 493 733 753
9 14 74 114 134 314 354 494 734 754
9 15 75 115 135 315 355 495 735 755
9 16 76 116 136 316 356 496 736 756
9 17 77 117 137 317 357 497 737 757
9 18 78 118 138 318 358 498 738 758
9 19 79 119 139 319 359 499 739 759
4 20 360 361 660
5 21 360 361 362 661
5 22 361 362 363 662
5 23 362 363 364 663
5 24 363 364 365 664
5 25 364 365 366 665
5 26 365 366 367 666
5 27 366 367 368 667
5 28 367 368 369 668
5 29 368 369 370 669
5 30 369 370 371 670
5 31 370 371 372 671
5 32 371 372 373 672
5 33 372 373 374 673
5 34 373 374 375 674
5 35 374 375 376 675
5 36 375 376 377 676
5 37 376 377 378 677
5 38 377 378 379 678
4 39 378 379 679
4 40 260 300 380
4 41 261 301 381
4 42 262 302 382
4 43 263 303 383
4 44 264 304 384
4 45 265 305 385
4 46 266 306 386
4 47 267 307 387
4 48 268 308 388
4 49 269 309 389
4 50 270 310 390
4 51 271 311 391
4 52 272 312 392
4 53 273 313 393
4 54 274 314 394
4 55 275 315 395
4 56 276 316 396
4 57 277 317 397
4 58 278 318 398
4 59 279 319 399
4 20 400 401 700
5 21 400 401 402 701
5 22 401 402 403 702
5 23 402 403 404 703
5 24 403 404 405 704
5 25 404 405 406 705
5 26 405 406 407 706
5 27 406 407 408 707
5 28 407 408 409 708
5 29 408 409 410 709
5 30 409 410 411 710
5 31 410 411 412 711
5 32 411 412 413 712
5 33 412 413 414 713
5 34 413 414 415 714
5 35 414 415 416 715
5 36 415 416 417 716
5 37 416 417 418 717
5 38 417 418 419 718
4 39 418 419 719
4 20 420 421 720
5 21 420 421 422 721
5 22 421 422 423 722
5 23 422 423 424 723
5 24 423 424 425 724
5 25 424 425 426 725
5 26 425 426 427 726
5 27 426 427 428 727
5 28 427 428 429 728
5 29 428 429 430 729
5 30 429 430 431 730
5 31 430 431 432 731
5 32 431 432 433 732
5 33 432 433 434 733
5 34 433 434 435 734
5 35 434 435 436 735
5 36 435 436 437 736
5 37 436 437 438 737
5 38 437 438 439 738
4 39 438 439 739
1 440
4 401 421 441 621
4 402 422 442 622
4 403 423 443 623
4 404 424 444 624
4 405 425 445 625
4 406 426 446 626
4 407 427 447 627
4 408 428 448 628
4 409 429 449 629
4 410 430 450 630
4 411 431 451 631
4 412 432 452 632
4 413 433 453 633
4 414 434 454 634
4 415 435 455 635
4 416 436 456 636
4 417 437 457 637
4 418 438 458 638
4 419 439 459 639
2 460 461
5 441 460 461 462 621
5 442 461 462 463 622
5 443 462 463 464 623
5 444 463 464 465 624
5 445 464 465 466 625
5 446 465 466 467 626
5 447 466 467 468 627
5 448 467 468 469 628
5 449 468 469 470 629
5 450 469 470 471 630
5 451 470 471 472 631
5 452 471 472 473 632
5 453 472 473 474 633
5 454 473 474 475 634
5 455 474 475 476 635
5 456 475 476 477 636
5 457 476 477 478 637
5 458 477 478 479 638
4 459 478 479 639
6 0 40 60 340 480 481
7 1 41 61 341 480 481 482
7 2 42 62 342 481 482 483
7 3 43 63 343 482 483 484
7 4 44 64 344 483 484 485
7 5 45 65 345 484 485 486
7 6 46 66 346 485 486 487
7 7 47 67 347 486 487 488
7 8 48 68 348 487 488 489
7 9 49 69 349 488 489 490
7 10 50 70 350 489 490 491
7 11 51 71 351 490 491 492
7 12 52 72 352 491 492 493
7 13 53 73 353 492 493 494
7 14 54 74 354 493 494 495
7 15 55 75 355 494 495 496
7 16 56 76 356 495 496 497
7 17 57 77 357 496 497 498
7 18 58 78 358 497 498 499
6 19 59 79 359 498 499
9 0 40 60 80 100 480 500 520 740
9 1 41 61 81 101 481 501 521 741
9 2 42 62 82 102 482 502 522 742
9 3 43 63 83 103 483 503 523 743
9 4 44 64 84 104 484 504 524 744
9 5 45 65 85 105 485 505 525 745
9 6 46 66 86 106 486 506 526 746
9 7 47 67 87 107 487 507 527 747
9 8 48 68 88 108 488 508 528 748
9 9 49 69 89 109 489 509 529 749
9 10 50 70 90 110 490 510 530 750
9 11 51 71 91 111 491 511 531 751
9 12 52 72 92 112 492 512 532 752
9 13 53 73 93 113 493 513 533 753
9 14 54 74 94 114 494 514 534 754
9 15 55 75 95 115 495 515 535 755
9 16 56 76 96 116 496 516 536 756
9 17 57 77 97 117 497 517 537 757
9 18 58 78 98 118 498 518 538 758
9 19 59 79 99 119 499 519 539 759
3 60 500 520
3 61 501 521
3 62 502 522
3 63 503 523
3 64 504 524
3 65 505 525
3 66 506 526
3 67 507 527
3 68 508 528
3 69 509 529
3 70 510 530
3 71 511 531
3 72 512 532
3 73 513 533
3 74 514 534
3 75 515 535
3 76 516 536
3 77 517 537
3 78 518 538
3 79 519 539
8 40 120 140 300 340 480 540 541
9 41 121 141 301 341 481 540 541 542
9 42 122 142 302 342 482 541 542 543
9 43 123 143 303 343 483 542 543 544
9 44 124 144 304 344 484 543 544 545
9 45 125 145 305 345 485 544 545 546
9 46 126 146 306 346 486 545 546 547
9 47 127 147 307 347 487 546 547 548
9 48 128 148 308 348 488 547 548 549
9 49 129 149 309 349 489 548 549 550
9 50 130 150 310 350 490 549 550 551
9 51 131 151 311 351 491 550 551 552
9 52 132 152 312 352 492 551 552 553
9 53 133 153 313 353 493 552 553 554
9 54 134 154 314 354 494 553 554 555
9 55 135 155 315 355 495 554 555 556
9 56 136 156 316 356 496 555 556 557
9 57 137 157 317 357 497 556 557 558
9 58 138 158 318 358 498 557 558 559
8 59 139 159 319 359 499 558 559
12 20 40 80 120 140 260 320 560 561 580 620 680
13 21 41 81 121 141 261 321 560 561 562 581 621 681
13 22 42 82 122 142 262 322 561 562 563 582 622 682
13 23 43 83 123 143 263 323 562 563 564 583 623 683
13 24 44 84 124 144 264 324 563 564 565 584 624 684
13 25 45 85 125 145 265 325 564 565 566 585 625 685
13 26 46 86 126 146 266 326 565 566 567 586 626 686
13 27 47 87 127 147 267 327 566 567 568 587 627 687
13 28 48 88 128 148 268 328 567 568 569 588 628 688
13 29 49 89 129 149 269 329 568 569 570 589 629 689
13 30 50 90 130 150 270 330 569 570 571 590 630 690
13 31 51 91 131 151 271 331 570 571 572 591 631 691
13 32 52 92 132 152 272 332 571 572 573 592 632 692
13 33 53 93 133 153 273 333 572 573 574 593 633 693
13 34 54 94 134 154 274 334 573 574 575 594 634 694
13 35 55 95 135 155 275 335 574 575 576 595 635 695
13 36 56 96 136 156 276 336 575 576 577 596 636 696
13 37 57 97 137 157 277 337 576 577 578 597 637 697
13 38 58 98 138 158 278 338 577 578 579 598 638 698
12 39 59 99 139 159 279 339 578 579 599 639 699
6 20 40 260 300 580 581
7 21 41 261 301 580 581 582
7 22 42 262 302 581 582 583
7 23 43 263 303 582 583 584
7 24 44 264 304 583 584 585
7 25 45 265 305 584 585 586
7 26 46 266 306 585 586 587
7 27 47 267 307 586 587 588
7 28 48 268 308 587 588 589
7 29 49 269 309 588 589 590
7 30 50 270 310 589 590 591
7 31 51 271 311 590 591 592
7 32 52 272 312 591 592 593
7 33 53 273 313 592 593 594
7 34 54 274 314 593 594 595
7 35 55 275 315 594 595 596
7 36 56 276 316 595 596 597
7 37 57 277 317 596 597 598
7 38 58 278 318 597 598 599
6 39 59 279 319 598 599
3 20 600 601
4 21 600 601 602
4 22 601 602 603
4 23 602 603 604
4 24 603 604 605
4 25 604 605 606
4 26 605 606 607
4 27 606 607 608
4 28 607 608 609
4 29 608 609 610
4 30 609 610 611
4 31 610 611 612
4 32 611 612 613
4 33 612 613 614
6 34 74 194 613 614 615
6 35 75 195 614 615 616
6 36 76 196 615 616 617
6 37 77 197 616 617 618
6 38 78 198 617 618 619
5 39 79 199 618 619
5 20 40 300 620 621
6 21 41 301 620 621 622
6 22 42 302 621 622 623
7 23 43 303 443 622 623 624
7 24 44 304 444 623 624 625
7 25 45 305 445 624 625 626
7 26 46 306 446 625 626 627
7 27 47 307 447 626 627 628
7 28 48 308 448 627 628 629
7 29 49 309 449 628 629 630
7 30 50 310 450 629 630 631
7 31 51 311 451 630 631 632
7 32 52 312 452 631 632 633
7 33 53 313 453 632 633 634
7 34 54 314 454 633 634 635
7 35 55 315 455 634 635 636
7 36 56 316 456 635 636 637
7 37 57 317 457 636 637 638
7 38 58 318 458 637 638 639
6 39 59 319 459 638 639
6 40 260 380 640 641 680
8 41 261 361 381 640 641 642 681
9 42 262 362 382 422 641 642 643 682
10 43 263 363 383 403 423 642 643 644 683
10 44 264 364 384 404 424 643 644 645 684
10 45 265 365 385 405 425 644 645 646 685
10 46 266 366 386 406 426 645 646 647 686
10 47 267 367 387 407 427 646 647 648 687
10 48 268 368 388 408 428 647 648 649 688
10 49 269 369 389 409 429 648 649 650 689
10 50 270 370 390 410 430 649 650 651 690
10 51 271 371 391 411 431 650 651 652 691
10 52 272 372 392 412 432 651 652 653 692
10 53 273 373 393 413 433 652 653 654 693
10 54 274 374 394 414 434 653 654 655 694
10 55 275 375 395 415 435 654 655 656 695
10 56 276 376 396 416 436 655 656 657 696
9 57 277 377 397 437 656 657 658 697
9 58 278 378 398 438 657 658 659 698
9 59 279 379 399 419 439 658 659 699
3 20 660 661
4 21 660 661 662
4 22 661 662 663
4 23 662 663 664
4 24 663 664 665
4 25 664 665 666
4 26 665 666 667
4 27 666 667 668
4 28 667 668 669
4 29 668 669 670
4 30 669 670 671
4 31 670 671 672
4 32 671 672 673
4 33 672 673 674
4 34 673 674 675
4 35 674 675 676
4 36 675 676 677
4 37 676 677 678
4 38 677 678 679
3 39 678 679
3 40 680 681
4 41 680 681 682
4 42 681 682 683
4 43 682 683 684
4 44 683 684 685
4 45 684 685 686
4 46 685 686 687
4 47 686 687 688
4 48 687 688 689
4 49 688 689 690
4 50 689 690 691
4 51 690 691 692
4 52 691 692 693
4 53 692 693 694
4 54 693 694 695
4 55 694 695 696
4 56 695 696 697
4 57 696 697 698
4 58 697 698 699
3 59 698 699
3 20 700 701
4 21 700 701 702
4 22 701 702 703
4 23 702 703 704
4 24 703 704 705
4 25 704 705 706
4 26 705 706 707
4 27 706 707 708
4 28 707 708 709
4 29 708 709 710
4 30 709 710 711
4 31 710 711 712
4 32 711 712 713
4 33 712 713 714
4 34 713 714 715
4 35 714 715 716
4 36 715 716 717
4 37 716 717 718
4 38 717 718 719
3 39 718 719
3 20 720 721
4 21 720 721 722
4 22 721 722 723
4 23 722 723 724
4 24 723 724 725
4 25 724 725 726
4 26 725 726 727
4 27 726 727 728
4 28 727 728 729
4 29 728 729 730
4 30 729 730 731
4 31 730 731 732
4 32 731 732 733
4 33 732 733 734
4 34 733 734 735
4 35 734 735 736
4 36 735 736 737
4 37 736 737 738
4 38 737 738 739
3 39 738 739
9 0 40 60 100 120 160 300 740 741
10 1 41 61 101 121 161 301 740 741 742
10 2 42 62 102 122 162 302 741 742 743
10 3 43 63 103 123 163 303 742 743 744
10 4 44 64 104 124 164 304 743 744 745
10 5 45 65 105 125 165 305 744 745 746
10 6 46 66 106 126 166 306 745 746 747
10 7 47 67 107 127 167 307 746 747 748
10 8 48 68 108 128 168 308 747 748 749
10 9 49 69 109 129 169 309 748 749 750
10 10 50 70 110 130 170 310 749 750 751
10 11 51 71 111 131 171 311 750 751 752
10 12 52 72 112 132 172 312 751 752 753
10 13 53 73 113 133 173 313 752 753 754
11 14 54 74 114 134 174 194 314 753 754 755
11 15 55 75 115 135 175 195 315 754 755 756
11 16 56 76 116 136 176 196 316 755 756 757
11 17 57 77 117 137 177 197 317 756 757 758
11 18 58 78 118 138 178 198 318 757 758 759
10 19 59 79 119 139 179 199 319 758 759
