113
1 0
1 1
1 2
1 3
1 4
1 5
1 6
1 7
1 8
1 9
1 10
1 11
1 12
1 13
1 14
5 15 75 80 100 110
5 16 76 81 101 111
5 17 77 82 102 112
6 18 19 20 21 28 29
4 18 19 22 29
5 18 20 23 28 29
17 21 27 28 29 75 76 77 79 80 81 82 100 101 102 110 111 112
20 18 20 22 27 28 29 75 76 77 78 79 80 81 82 100 101 102 110 111 112
20 18 19 20 23 27 28 29 75 76 77 78 79 80 81 82 100 101 110 111 112
2 15 24
2 16 25
2 17 26
2 18 27
2 19 28
2 20 29
4 30 80 83 91
4 31 81 84 92
4 32 82 85 93
6 33 34 35 36 43 44
4 33 34 37 44
5 33 35 38 43 44
14 36 42 43 44 80 81 82 83 84 85 91 92 93 107
16 33 35 37 42 43 44 80 81 82 83 84 85 91 92 93 107
17 33 34 35 38 42 43 44 80 81 82 83 84 85 91 92 93 107
2 30 39
2 31 40
2 32 41
2 33 42
2 34 43
2 35 44
3 45 83 86
3 46 84 87
3 47 85 88
6 48 49 50 51 58 59
4 48 49 52 59
5 48 50 53 58 59
11 51 57 58 59 83 84 85 86 87 88 90
14 48 50 52 57 58 59 83 84 85 86 87 88 89 90
15 48 49 50 53 57 58 59 83 84 85 86 87 88 89 90
2 45 54
2 46 55
2 47 56
2 48 57
2 49 58
2 50 59
3 60 91 94
3 61 92 95
3 62 93 96
6 63 64 65 66 73 74
4 63 64 67 74
5 63 65 68 73 74
10 66 72 73 74 91 92 93 94 95 96
13 63 65 67 72 73 74 91 92 93 94 95 96 97
14 63 64 65 68 72 73 74 91 92 93 94 95 96 97
2 60 69
2 61 70
2 62 71
2 63 72
2 64 73
2 65 74
8 9 12 13 14 24 27 28 29
8 10 12 13 14 25 27 28 29
8 11 12 13 14 26 27 28 29
4 13 14 28 29
6 12 13 14 27 28 29
8 24 27 28 29 39 42 43 44
8 25 27 28 29 40 42 43 44
8 26 27 28 29 41 42 43 44
8 39 42 43 44 54 57 58 59
8 40 42 43 44 55 57 58 59
8 41 42 43 44 56 57 58 59
8 9 12 13 14 54 57 58 59
8 10 12 13 14 55 57 58 59
8 11 12 13 14 56 57 58 59
4 13 14 58 59
6 12 13 14 57 58 59
8 39 42 43 44 69 72 73 74
8 40 42 43 44 70 72 73 74
8 41 42 43 44 71 72 73 74
8 9 12 13 14 69 72 73 74
8 10 12 13 14 70 72 73 74
8 11 12 13 14 71 72 73 74
4 13 14 73 74
13 9 10 11 12 13 14 24 25 26 27 28 29 98
2 98 99
11 9 12 13 14 24 27 28 29 98 99 100
11 10 12 13 14 25 27 28 29 98 99 101
9 11 13 14 26 28 29 98 99 102
13 9 10 11 12 13 14 39 40 41 42 43 44 103
2 103 104
11 9 12 13 14 39 42 43 44 103 104 105
11 10 12 13 14 40 42 43 44 103 104 106
9 11 13 14 41 43 44 103 104 107
13 9 10 11 12 13 14 24 25 26 27 28 29 108
2 108 109
11 9 12 13 14 24 27 28 29 108 109 110
11 10 12 13 14 25 27 28 29 108 109 111
9 11 13 14 26 28 29 108 109 112
