147
6 0 1 7 8 9 10
9 0 1 2 8 9 10 11 12 13
9 1 2 3 11 12 13 14 15 16
9 2 3 4 14 15 16 17 18 19
9 3 4 5 17 18 19 20 21 22
9 4 5 6 20 21 22 23 24 25
7 5 6 23 24 25 26 27
6 0 7 8 9 10 28
13 0 1 7 8 9 10 11 12 13 28 29 30 31
13 0 1 7 8 9 10 11 12 13 28 29 30 31
13 0 1 7 8 9 10 11 12 13 28 29 30 31
17 1 2 8 9 10 11 12 13 14 15 16 29 30 31 32 33 34
17 1 2 8 9 10 11 12 13 14 15 16 29 30 31 32 33 34
17 1 2 8 9 10 11 12 13 14 15 16 29 30 31 32 33 34
17 2 3 11 12 13 14 15 16 17 18 19 32 33 34 35 36 37
17 2 3 11 12 13 14 15 16 17 18 19 32 33 34 35 36 37
17 2 3 11 12 13 14 15 16 17 18 19 32 33 34 35 36 37
17 3 4 14 15 16 17 18 19 20 21 22 35 36 37 38 39 40
17 3 4 14 15 16 17 18 19 20 21 22 35 36 37 38 39 40
17 3 4 14 15 16 17 18 19 20 21 22 35 36 37 38 39 40
17 4 5 17 18 19 20 21 22 23 24 25 38 39 40 41 42 43
17 4 5 17 18 19 20 21 22 23 24 25 38 39 40 41 42 43
17 4 5 17 18 19 20 21 22 23 24 25 38 39 40 41 42 43
16 5 6 20 21 22 23 24 25 26 27 41 42 43 44 45 46
16 5 6 20 21 22 23 24 25 26 27 41 42 43 44 45 46
16 5 6 20 21 22 23 24 25 26 27 41 42 43 44 45 46
11 6 23 24 25 26 27 44 45 46 47 48
11 6 23 24 25 26 27 44 45 46 47 48
9 7 8 9 10 28 29 30 31 49
17 8 9 10 11 12 13 28 29 30 31 32 33 34 49 50 51 52
17 8 9 10 11 12 13 28 29 30 31 32 33 34 49 50 51 52
17 8 9 10 11 12 13 28 29 30 31 32 33 34 49 50 51 52
21 11 12 13 14 15 16 29 30 31 32 33 34 35 36 37 50 51 52 53 54 55
21 11 12 13 14 15 16 29 30 31 32 33 34 35 36 37 50 51 52 53 54 55
21 11 12 13 14 15 16 29 30 31 32 33 34 35 36 37 50 51 52 53 54 55
21 14 15 16 17 18 19 32 33 34 35 36 37 38 39 40 53 54 55 56 57 58
21 14 15 16 17 18 19 32 33 34 35 36 37 38 39 40 53 54 55 56 57 58
21 14 15 16 17 18 19 32 33 34 35 36 37 38 39 40 53 54 55 56 57 58
21 17 18 19 20 21 22 35 36 37 38 39 40 41 42 43 56 57 58 59 60 61
21 17 18 19 20 21 22 35 36 37 38 39 40 41 42 43 56 57 58 59 60 61
21 17 18 19 20 21 22 35 36 37 38 39 40 41 42 43 56 57 58 59 60 61
21 20 21 22 23 24 25 38 39 40 41 42 43 44 45 46 59 60 61 62 63 64
21 20 21 22 23 24 25 38 39 40 41 42 43 44 45 46 59 60 61 62 63 64
21 20 21 22 23 24 25 38 39 40 41 42 43 44 45 46 59 60 61 62 63 64
19 23 24 25 26 27 41 42 43 44 45 46 47 48 62 63 64 65 66 67
19 23 24 25 26 27 41 42 43 44 45 46 47 48 62 63 64 65 66 67
19 23 24 25 26 27 41 42 43 44 45 46 47 48 62 63 64 65 66 67
12 26 27 44 45 46 47 48 65 66 67 68 69
12 26 27 44 45 46 47 48 65 66 67 68 69
9 28 29 30 31 49 50 51 52 70
17 29 30 31 32 33 34 49 50 51 52 53 54 55 70 71 72 73
17 29 30 31 32 33 34 49 50 51 52 53 54 55 70 71 72 73
17 29 30 31 32 33 34 49 50 51 52 53 54 55 70 71 72 73
20 32 33 34 35 36 37 50 51 52 53 54 55 56 57 58 72 73 74 75 76
21 32 33 34 35 36 37 50 51 52 53 54 55 56 57 58 71 72 73 74 75 76
21 32 33 34 35 36 37 50 51 52 53 54 55 56 57 58 71 72 73 74 75 76
21 35 36 37 38 39 40 53 54 55 56 57 58 59 60 61 74 75 76 77 78 79
21 35 36 37 38 39 40 53 54 55 56 57 58 59 60 61 74 75 76 77 78 79
21 35 36 37 38 39 40 53 54 55 56 57 58 59 60 61 74 75 76 77 78 79
21 38 39 40 41 42 43 56 57 58 59 60 61 62 63 64 77 78 79 80 81 82
21 38 39 40 41 42 43 56 57 58 59 60 61 62 63 64 77 78 79 80 81 82
21 38 39 40 41 42 43 56 57 58 59 60 61 62 63 64 77 78 79 80 81 82
21 41 42 43 44 45 46 59 60 61 62 63 64 65 66 67 80 81 82 83 84 85
21 41 42 43 44 45 46 59 60 61 62 63 64 65 66 67 80 81 82 83 84 85
21 41 42 43 44 45 46 59 60 61 62 63 64 65 66 67 80 81 82 83 84 85
19 44 45 46 47 48 62 63 64 65 66 67 68 69 83 84 85 86 87 88
19 44 45 46 47 48 62 63 64 65 66 67 68 69 83 84 85 86 87 88
19 44 45 46 47 48 62 63 64 65 66 67 68 69 83 84 85 86 87 88
12 47 48 65 66 67 68 69 86 87 88 89 90
12 47 48 65 66 67 68 69 86 87 88 89 90
9 49 50 51 52 70 71 72 73 91
16 50 51 52 54 55 70 71 72 73 74 75 76 91 92 93 94
17 50 51 52 53 54 55 70 71 72 73 74 75 76 91 92 93 94
17 50 51 52 53 54 55 70 71 72 73 74 75 76 91 92 93 94
21 53 54 55 56 57 58 71 72 73 74 75 76 77 78 79 92 93 94 95 96 97
21 53 54 55 56 57 58 71 72 73 74 75 76 77 78 79 92 93 94 95 96 97
21 53 54 55 56 57 58 71 72 73 74 75 76 77 78 79 92 93 94 95 96 97
21 56 57 58 59 60 61 74 75 76 77 78 79 80 81 82 95 96 97 98 99 100
21 56 57 58 59 60 61 74 75 76 77 78 79 80 81 82 95 96 97 98 99 100
21 56 57 58 59 60 61 74 75 76 77 78 79 80 81 82 95 96 97 98 99 100
21 59 60 61 62 63 64 77 78 79 80 81 82 83 84 85 98 99 100 101 102 103
21 59 60 61 62 63 64 77 78 79 80 81 82 83 84 85 98 99 100 101 102 103
21 59 60 61 62 63 64 77 78 79 80 81 82 83 84 85 98 99 100 101 102 103
20 62 63 64 65 66 67 80 81 82 83 84 85 86 87 88 102 103 104 105 106
21 62 63 64 65 66 67 80 81 82 83 84 85 86 87 88 101 102 103 104 105 106
21 62 63 64 65 66 67 80 81 82 83 84 85 86 87 88 101 102 103 104 105 106
19 65 66 67 68 69 83 84 85 86 87 88 89 90 104 105 106 107 108 109
19 65 66 67 68 69 83 84 85 86 87 88 89 90 104 105 106 107 108 109
19 65 66 67 68 69 83 84 85 86 87 88 89 90 104 105 106 107 108 109
12 68 69 86 87 88 89 90 107 108 109 110 111
12 68 69 86 87 88 89 90 107 108 109 110 111
9 70 71 72 73 91 92 93 94 112
17 71 72 73 74 75 76 91 92 93 94 95 96 97 112 113 114 115
17 71 72 73 74 75 76 91 92 93 94 95 96 97 112 113 114 115
17 71 72 73 74 75 76 91 92 93 94 95 96 97 112 113 114 115
21 74 75 76 77 78 79 92 93 94 95 96 97 98 99 100 113 114 115 116 117 118
21 74 75 76 77 78 79 92 93 94 95 96 97 98 99 100 113 114 115 116 117 118
21 74 75 76 77 78 79 92 93 94 95 96 97 98 99 100 113 114 115 116 117 118
21 77 78 79 80 81 82 95 96 97 98 99 100 101 102 103 116 117 118 119 120 121
21 77 78 79 80 81 82 95 96 97 98 99 100 101 102 103 116 117 118 119 120 121
21 77 78 79 80 81 82 95 96 97 98 99 100 101 102 103 116 117 118 119 120 121
20 80 81 82 84 85 98 99 100 101 102 103 104 105 106 119 120 121 122 123 124
21 80 81 82 83 84 85 98 99 100 101 102 103 104 105 106 119 120 121 122 123 124
21 80 81 82 83 84 85 98 99 100 101 102 103 104 105 106 119 120 121 122 123 124
21 83 84 85 86 87 88 101 102 103 104 105 106 107 108 109 122 123 124 125 126 127
21 83 84 85 86 87 88 101 102 103 104 105 106 107 108 109 122 123 124 125 126 127
21 83 84 85 86 87 88 101 102 103 104 105 106 107 108 109 122 123 124 125 126 127
18 86 87 88 89 90 104 105 106 107 108 109 110 111 126 127 128 129 130
19 86 87 88 89 90 104 105 106 107 108 109 110 111 125 126 127 128 129 130
19 86 87 88 89 90 104 105 106 107 108 109 110 111 125 126 127 128 129 130
12 89 90 107 108 109 110 111 128 129 130 131 132
12 89 90 107 108 109 110 111 128 129 130 131 132
9 91 92 93 94 112 113 114 115 133
16 92 93 94 95 96 97 112 113 114 115 116 117 118 133 134 135
16 92 93 94 95 96 97 112 113 114 115 116 117 118 133 134 135
16 92 93 94 95 96 97 112 113 114 115 116 117 118 133 134 135
19 95 96 97 98 99 100 113 114 115 116 117 118 119 120 121 134 135 136 137
19 95 96 97 98 99 100 113 114 115 116 117 118 119 120 121 134 135 136 137
19 95 96 97 98 99 100 113 114 115 116 117 118 119 120 121 134 135 136 137
19 98 99 100 101 102 103 116 117 118 119 120 121 122 123 124 136 137 138 139
19 98 99 100 101 102 103 116 117 118 119 120 121 122 123 124 136 137 138 139
19 98 99 100 101 102 103 116 117 118 119 120 121 122 123 124 136 137 138 139
19 101 102 103 104 105 106 119 120 121 122 123 124 125 126 127 138 139 140 141
19 101 102 103 104 105 106 119 120 121 122 123 124 125 126 127 138 139 140 141
19 101 102 103 104 105 106 119 120 121 122 123 124 125 126 127 138 139 140 141
18 104 105 106 108 109 122 123 124 125 126 127 128 129 130 140 141 142 143
19 104 105 106 107 108 109 122 123 124 125 126 127 128 129 130 140 141 142 143
19 104 105 106 107 108 109 122 123 124 125 126 127 128 129 130 140 141 142 143
17 107 108 109 110 111 125 126 127 128 129 130 131 132 142 143 144 145
17 107 108 109 110 111 125 126 127 128 129 130 131 132 142 143 144 145
17 107 108 109 110 111 125 126 127 128 129 130 131 132 142 143 144 145
10 110 111 128 129 130 131 132 144 145 146
10 110 111 128 129 130 131 132 144 145 146
7 112 113 114 115 133 134 135
11 113 114 115 116 117 118 133 134 135 136 137
11 113 114 115 116 117 118 133 134 135 136 137
12 116 117 118 119 120 121 134 135 136 137 138 139
12 116 117 118 119 120 121 134 135 136 137 138 139
12 119 120 121 122 123 124 136 137 138 139 140 141
12 119 120 121 122 123 124 136 137 138 139 140 141
12 122 123 124 125 126 127 138 139 140 141 142 143
12 122 123 124 125 126 127 138 139 140 141 142 143
12 125 126 127 128 129 130 140 141 142 143 144 145
12 125 126 127 128 129 130 140 141 142 143 144 145
10 128 129 130 131 132 142 143 144 145 146
10 128 129 130 131 132 142 143 144 145 146
5 131 132 144 145 146
