960
8 0 1 2 3 40 41 42 43
8 0 1 2 3 40 41 42 43
12 0 1 2 3 4 5 40 41 42 43 44 45
12 0 1 2 3 4 5 40 41 42 43 44 45
12 2 3 4 5 6 7 42 43 44 45 46 47
12 2 3 4 5 6 7 42 43 44 45 46 47
12 4 5 6 7 8 9 44 45 46 47 48 49
12 4 5 6 7 8 9 44 45 46 47 48 49
12 6 7 8 9 10 11 46 47 48 49 50 51
12 6 7 8 9 10 11 46 47 48 49 50 51
12 8 9 10 11 12 13 48 49 50 51 52 53
12 8 9 10 11 12 13 48 49 50 51 52 53
12 10 11 12 13 14 15 50 51 52 53 54 55
12 10 11 12 13 14 15 50 51 52 53 54 55
12 12 13 14 15 16 17 52 53 54 55 56 57
12 12 13 14 15 16 17 52 53 54 55 56 57
12 14 15 16 17 18 19 54 55 56 57 58 59
12 14 15 16 17 18 19 54 55 56 57 58 59
12 16 17 18 19 20 21 56 57 58 59 60 61
12 16 17 18 19 20 21 56 57 58 59 60 61
12 18 19 20 21 22 23 58 59 60 61 62 63
12 18 19 20 21 22 23 58 59 60 61 62 63
12 20 21 22 23 24 25 60 61 62 63 64 65
12 20 21 22 23 24 25 60 61 62 63 64 65
12 22 23 24 25 26 27 62 63 64 65 66 67
12 22 23 24 25 26 27 62 63 64 65 66 67
12 24 25 26 27 28 29 64 65 66 67 68 69
12 24 25 26 27 28 29 64 65 66 67 68 69
10 26 27 28 29 30 66 67 68 70 71
10 26 27 28 29 31 66 67 69 70 71
11 28 30 31 32 33 68 69 70 71 72 73
11 29 30 31 32 33 68 69 70 71 72 73
12 30 31 32 33 34 35 70 71 72 73 74 75
12 30 31 32 33 34 35 70 71 72 73 74 75
10 32 33 34 35 36 72 73 74 76 77
10 32 33 34 35 37 72 73 75 76 77
8 34 36 38 74 75 76 78 79
8 35 37 39 74 75 77 78 79
6 36 38 76 77 78 79
6 37 39 76 77 78 79
12 0 1 2 3 40 41 42 43 80 81 82 83
12 0 1 2 3 40 41 42 43 80 81 82 83
18 0 1 2 3 4 5 40 41 42 43 44 45 80 81 82 83 84 85
18 0 1 2 3 4 5 40 41 42 43 44 45 80 81 82 83 84 85
18 2 3 4 5 6 7 42 43 44 45 46 47 82 83 84 85 86 87
18 2 3 4 5 6 7 42 43 44 45 46 47 82 83 84 85 86 87
18 4 5 6 7 8 9 44 45 46 47 48 49 84 85 86 87 88 89
18 4 5 6 7 8 9 44 45 46 47 48 49 84 85 86 87 88 89
18 6 7 8 9 10 11 46 47 48 49 50 51 86 87 88 89 90 91
18 6 7 8 9 10 11 46 47 48 49 50 51 86 87 88 89 90 91
18 8 9 10 11 12 13 48 49 50 51 52 53 88 89 90 91 92 93
18 8 9 10 11 12 13 48 49 50 51 52 53 88 89 90 91 92 93
18 10 11 12 13 14 15 50 51 52 53 54 55 90 91 92 93 94 95
18 10 11 12 13 14 15 50 51 52 53 54 55 90 91 92 93 94 95
18 12 13 14 15 16 17 52 53 54 55 56 57 92 93 94 95 96 97
18 12 13 14 15 16 17 52 53 54 55 56 57 92 93 94 95 96 97
18 14 15 16 17 18 19 54 55 56 57 58 59 94 95 96 97 98 99
18 14 15 16 17 18 19 54 55 56 57 58 59 94 95 96 97 98 99
18 16 17 18 19 20 21 56 57 58 59 60 61 96 97 98 99 100 101
18 16 17 18 19 20 21 56 57 58 59 60 61 96 97 98 99 100 101
18 18 19 20 21 22 23 58 59 60 61 62 63 98 99 100 101 102 103
18 18 19 20 21 22 23 58 59 60 61 62 63 98 99 100 101 102 103
18 20 21 22 23 24 25 60 61 62 63 64 65 100 101 102 103 104 105
18 20 21 22 23 24 25 60 61 62 63 64 65 100 101 102 103 104 105
18 22 23 24 25 26 27 62 63 64 65 66 67 102 103 104 105 106 107
18 22 23 24 25 26 27 62 63 64 65 66 67 102 103 104 105 106 107
18 24 25 26 27 28 29 64 65 66 67 68 69 104 105 106 107 108 109
18 24 25 26 27 28 29 64 65 66 67 68 69 104 105 106 107 108 109
15 26 27 28 30 31 66 67 68 69 70 106 107 108 110 111
15 26 27 29 30 31 66 67 68 69 71 106 107 109 110 111
17 28 29 30 31 32 33 68 70 71 72 73 108 109 110 111 112 113
17 28 29 30 31 32 33 69 70 71 72 73 108 109 110 111 112 113
18 30 31 32 33 34 35 70 71 72 73 74 75 110 111 112 113 114 115
18 30 31 32 33 34 35 70 71 72 73 74 75 110 111 112 113 114 115
15 32 33 34 36 37 72 73 74 75 76 112 113 114 116 117
15 32 33 35 36 37 72 73 74 75 77 112 113 115 116 117
13 34 35 36 38 39 74 76 78 114 115 116 118 119
13 34 35 37 38 39 75 77 79 114 115 117 118 119
10 36 37 38 39 76 78 116 117 118 119
10 36 37 38 39 77 79 116 117 118 119
12 40 41 42 43 80 81 82 83 120 121 122 123
12 40 41 42 43 80 81 82 83 120 121 122 123
18 40 41 42 43 44 45 80 81 82 83 84 85 120 121 122 123 124 125
18 40 41 42 43 44 45 80 81 82 83 84 85 120 121 122 123 124 125
18 42 43 44 45 46 47 82 83 84 85 86 87 122 123 124 125 126 127
18 42 43 44 45 46 47 82 83 84 85 86 87 122 123 124 125 126 127
18 44 45 46 47 48 49 84 85 86 87 88 89 124 125 126 127 128 129
18 44 45 46 47 48 49 84 85 86 87 88 89 124 125 126 127 128 129
18 46 47 48 49 50 51 86 87 88 89 90 91 126 127 128 129 130 131
18 46 47 48 49 50 51 86 87 88 89 90 91 126 127 128 129 130 131
18 48 49 50 51 52 53 88 89 90 91 92 93 128 129 130 131 132 133
18 48 49 50 51 52 53 88 89 90 91 92 93 128 129 130 131 132 133
18 50 51 52 53 54 55 90 91 92 93 94 95 130 131 132 133 134 135
18 50 51 52 53 54 55 90 91 92 93 94 95 130 131 132 133 134 135
18 52 53 54 55 56 57 92 93 94 95 96 97 132 133 134 135 136 137
18 52 53 54 55 56 57 92 93 94 95 96 97 132 133 134 135 136 137
18 54 55 56 57 58 59 94 95 96 97 98 99 134 135 136 137 138 139
18 54 55 56 57 58 59 94 95 96 97 98 99 134 135 136 137 138 139
18 56 57 58 59 60 61 96 97 98 99 100 101 136 137 138 139 140 141
18 56 57 58 59 60 61 96 97 98 99 100 101 136 137 138 139 140 141
18 58 59 60 61 62 63 98 99 100 101 102 103 138 139 140 141 142 143
18 58 59 60 61 62 63 98 99 100 101 102 103 138 139 140 141 142 143
18 60 61 62 63 64 65 100 101 102 103 104 105 140 141 142 143 144 145
18 60 61 62 63 64 65 100 101 102 103 104 105 140 141 142 143 144 145
18 62 63 64 65 66 67 102 103 104 105 106 107 142 143 144 145 146 147
18 62 63 64 65 66 67 102 103 104 105 106 107 142 143 144 145 146 147
18 64 65 66 67 68 69 104 105 106 107 108 109 144 145 146 147 148 149
18 64 65 66 67 68 69 104 105 106 107 108 109 144 145 146 147 148 149
15 66 67 68 70 71 106 107 108 109 110 146 147 148 150 151
15 66 67 69 70 71 106 107 108 109 111 146 147 149 150 151
17 68 69 70 71 72 73 108 110 111 112 113 148 149 150 151 152 153
17 68 69 70 71 72 73 109 110 111 112 113 148 149 150 151 152 153
18 70 71 72 73 74 75 110 111 112 113 114 115 150 151 152 153 154 155
18 70 71 72 73 74 75 110 111 112 113 114 115 150 151 152 153 154 155
15 72 73 74 76 77 112 113 114 115 116 152 153 154 156 157
15 72 73 75 76 77 112 113 114 115 117 152 153 155 156 157
13 74 75 76 78 79 114 116 118 154 155 156 158 159
13 74 75 77 78 79 115 117 119 154 155 157 158 159
10 76 77 78 79 116 118 156 157 158 159
10 76 77 78 79 117 119 156 157 158 159
12 80 81 82 83 120 121 122 123 160 161 162 163
12 80 81 82 83 120 121 122 123 160 161 162 163
18 80 81 82 83 84 85 120 121 122 123 124 125 160 161 162 163 164 165
18 80 81 82 83 84 85 120 121 122 123 124 125 160 161 162 163 164 165
18 82 83 84 85 86 87 122 123 124 125 126 127 162 163 164 165 166 167
18 82 83 84 85 86 87 122 123 124 125 126 127 162 163 164 165 166 167
18 84 85 86 87 88 89 124 125 126 127 128 129 164 165 166 167 168 169
18 84 85 86 87 88 89 124 125 126 127 128 129 164 165 166 167 168 169
18 86 87 88 89 90 91 126 127 128 129 130 131 166 167 168 169 170 171
18 86 87 88 89 90 91 126 127 128 129 130 131 166 167 168 169 170 171
18 88 89 90 91 92 93 128 129 130 131 132 133 168 169 170 171 172 173
18 88 89 90 91 92 93 128 129 130 131 132 133 168 169 170 171 172 173
18 90 91 92 93 94 95 130 131 132 133 134 135 170 171 172 173 174 175
18 90 91 92 93 94 95 130 131 132 133 134 135 170 171 172 173 174 175
18 92 93 94 95 96 97 132 133 134 135 136 137 172 173 174 175 176 177
18 92 93 94 95 96 97 132 133 134 135 136 137 172 173 174 175 176 177
18 94 95 96 97 98 99 134 135 136 137 138 139 174 175 176 177 178 179
18 94 95 96 97 98 99 134 135 136 137 138 139 174 175 176 177 178 179
18 96 97 98 99 100 101 136 137 138 139 140 141 176 177 178 179 180 181
18 96 97 98 99 100 101 136 137 138 139 140 141 176 177 178 179 180 181
18 98 99 100 101 102 103 138 139 140 141 142 143 178 179 180 181 182 183
18 98 99 100 101 102 103 138 139 140 141 142 143 178 179 180 181 182 183
18 100 101 102 103 104 105 140 141 142 143 144 145 180 181 182 183 184 185
18 100 101 102 103 104 105 140 141 142 143 144 145 180 181 182 183 184 185
17 102 103 104 105 106 107 142 143 144 146 147 182 183 184 185 186 187
17 102 103 104 105 106 107 142 143 145 146 147 182 183 184 185 186 187
17 104 105 106 107 108 109 144 145 146 147 148 149 184 185 186 188 189
17 104 105 106 107 108 109 144 145 146 147 148 149 184 185 187 188 189
17 106 107 108 110 111 146 147 148 149 150 151 186 187 188 189 190 191
17 106 107 109 110 111 146 147 148 149 150 151 186 187 188 189 190 191
17 108 109 110 111 112 113 148 149 150 151 152 153 188 189 190 192 193
17 108 109 110 111 112 113 148 149 150 151 152 153 188 189 191 192 193
17 110 111 112 113 114 115 150 151 152 153 154 155 190 191 192 194 195
17 110 111 112 113 114 115 150 151 152 153 154 155 190 191 193 194 195
17 112 113 114 116 117 152 153 154 155 156 157 192 193 194 195 196 197
17 112 113 115 116 117 152 153 154 155 156 157 192 193 194 195 196 197
17 114 115 116 118 119 154 155 156 157 158 159 194 195 196 197 198 199
17 114 115 117 118 119 154 155 156 157 158 159 194 195 196 197 198 199
12 116 117 118 119 156 157 158 159 196 197 198 199
12 116 117 118 119 156 157 158 159 196 197 198 199
12 120 121 122 123 160 161 162 163 200 201 202 203
12 120 121 122 123 160 161 162 163 200 201 202 203
18 120 121 122 123 124 125 160 161 162 163 164 165 200 201 202 203 204 205
18 120 121 122 123 124 125 160 161 162 163 164 165 200 201 202 203 204 205
18 122 123 124 125 126 127 162 163 164 165 166 167 202 203 204 205 206 207
18 122 123 124 125 126 127 162 163 164 165 166 167 202 203 204 205 206 207
18 124 125 126 127 128 129 164 165 166 167 168 169 204 205 206 207 208 209
18 124 125 126 127 128 129 164 165 166 167 168 169 204 205 206 207 208 209
18 126 127 128 129 130 131 166 167 168 169 170 171 206 207 208 209 210 211
18 126 127 128 129 130 131 166 167 168 169 170 171 206 207 208 209 210 211
18 128 129 130 131 132 133 168 169 170 171 172 173 208 209 210 211 212 213
18 128 129 130 131 132 133 168 169 170 171 172 173 208 209 210 211 212 213
18 130 131 132 133 134 135 170 171 172 173 174 175 210 211 212 213 214 215
18 130 131 132 133 134 135 170 171 172 173 174 175 210 211 212 213 214 215
18 132 133 134 135 136 137 172 173 174 175 176 177 212 213 214 215 216 217
18 132 133 134 135 136 137 172 173 174 175 176 177 212 213 214 215 216 217
18 134 135 136 137 138 139 174 175 176 177 178 179 214 215 216 217 218 219
18 134 135 136 137 138 139 174 175 176 177 178 179 214 215 216 217 218 219
18 136 137 138 139 140 141 176 177 178 179 180 181 216 217 218 219 220 221
18 136 137 138 139 140 141 176 177 178 179 180 181 216 217 218 219 220 221
18 138 139 140 141 142 143 178 179 180 181 182 183 218 219 220 221 222 223
18 138 139 140 141 142 143 178 179 180 181 182 183 218 219 220 221 222 223
18 140 141 142 143 144 145 180 181 182 183 184 185 220 221 222 223 224 225
18 140 141 142 143 144 145 180 181 182 183 184 185 220 221 222 223 224 225
18 142 143 144 145 146 147 182 183 184 185 186 187 222 223 224 225 226 227
18 142 143 144 145 146 147 182 183 184 185 186 187 222 223 224 225 226 227
17 144 145 146 148 149 184 185 186 187 188 189 224 225 226 227 228 229
17 144 145 147 148 149 184 185 186 187 188 189 224 225 226 227 228 229
16 146 147 148 149 150 151 186 187 188 189 190 226 227 228 230 231
16 146 147 148 149 150 151 186 187 188 189 191 226 227 229 230 231
16 148 149 150 152 153 188 190 191 192 193 228 229 230 231 232 233
16 148 149 151 152 153 189 190 191 192 193 228 229 230 231 232 233
17 150 151 152 154 155 190 191 192 193 194 195 230 231 232 233 234 235
17 150 151 153 154 155 190 191 192 193 194 195 230 231 232 233 234 235
15 152 153 154 155 156 157 192 193 194 196 232 233 234 236 237
15 152 153 154 155 156 157 192 193 195 197 232 233 235 236 237
14 154 155 156 157 158 159 194 196 198 234 235 236 238 239
14 154 155 156 157 158 159 195 197 199 234 235 237 238 239
10 156 157 158 159 196 198 236 237 238 239
10 156 157 158 159 197 199 236 237 238 239
12 160 161 162 163 200 201 202 203 240 241 242 243
12 160 161 162 163 200 201 202 203 240 241 242 243
18 160 161 162 163 164 165 200 201 202 203 204 205 240 241 242 243 244 245
18 160 161 162 163 164 165 200 201 202 203 204 205 240 241 242 243 244 245
18 162 163 164 165 166 167 202 203 204 205 206 207 242 243 244 245 246 247
18 162 163 164 165 166 167 202 203 204 205 206 207 242 243 244 245 246 247
18 164 165 166 167 168 169 204 205 206 207 208 209 244 245 246 247 248 249
18 164 165 166 167 168 169 204 205 206 207 208 209 244 245 246 247 248 249
18 166 167 168 169 170 171 206 207 208 209 210 211 246 247 248 249 250 251
18 166 167 168 169 170 171 206 207 208 209 210 211 246 247 248 249 250 251
18 168 169 170 171 172 173 208 209 210 211 212 213 248 249 250 251 252 253
18 168 169 170 171 172 173 208 209 210 211 212 213 248 249 250 251 252 253
18 170 171 172 173 174 175 210 211 212 213 214 215 250 251 252 253 254 255
18 170 171 172 173 174 175 210 211 212 213 214 215 250 251 252 253 254 255
18 172 173 174 175 176 177 212 213 214 215 216 217 252 253 254 255 256 257
18 172 173 174 175 176 177 212 213 214 215 216 217 252 253 254 255 256 257
18 174 175 176 177 178 179 214 215 216 217 218 219 254 255 256 257 258 259
18 174 175 176 177 178 179 214 215 216 217 218 219 254 255 256 257 258 259
18 176 177 178 179 180 181 216 217 218 219 220 221 256 257 258 259 260 261
18 176 177 178 179 180 181 216 217 218 219 220 221 256 257 258 259 260 261
18 178 179 180 181 182 183 218 219 220 221 222 223 258 259 260 261 262 263
18 178 179 180 181 182 183 218 219 220 221 222 223 258 259 260 261 262 263
18 180 181 182 183 184 185 220 221 222 223 224 225 260 261 262 263 264 265
18 180 181 182 183 184 185 220 221 222 223 224 225 260 261 262 263 264 265
17 182 183 184 185 186 187 222 223 224 226 227 262 263 264 265 266 267
17 182 183 184 185 186 187 222 223 225 226 227 262 263 264 265 266 267
18 184 185 186 187 188 189 224 225 226 227 228 229 264 265 266 267 268 269
18 184 185 186 187 188 189 224 225 226 227 228 229 264 265 266 267 268 269
16 186 187 188 190 191 226 227 228 229 230 231 266 267 268 270 271
16 186 187 189 190 191 226 227 228 229 230 231 266 267 269 270 271
18 188 189 190 191 192 193 228 229 230 231 232 233 268 269 270 271 272 273
18 188 189 190 191 192 193 228 229 230 231 232 233 268 269 270 271 272 273
17 190 191 192 193 194 195 230 231 232 233 234 235 270 271 272 274 275
17 190 191 192 193 194 195 230 231 232 233 234 235 270 271 273 274 275
17 192 193 194 196 197 232 233 234 235 236 237 272 273 274 275 276 277
17 192 193 195 196 197 232 233 234 235 236 237 272 273 274 275 276 277
17 194 195 196 198 199 234 235 236 237 238 239 274 275 276 277 278 279
17 194 195 197 198 199 234 235 236 237 238 239 274 275 276 277 278 279
12 196 197 198 199 236 237 238 239 276 277 278 279
12 196 197 198 199 236 237 238 239 276 277 278 279
12 200 201 202 203 240 241 242 243 280 281 282 283
12 200 201 202 203 240 241 242 243 280 281 282 283
18 200 201 202 203 204 205 240 241 242 243 244 245 280 281 282 283 284 285
18 200 201 202 203 204 205 240 241 242 243 244 245 280 281 282 283 284 285
18 202 203 204 205 206 207 242 243 244 245 246 247 282 283 284 285 286 287
18 202 203 204 205 206 207 242 243 244 245 246 247 282 283 284 285 286 287
18 204 205 206 207 208 209 244 245 246 247 248 249 284 285 286 287 288 289
18 204 205 206 207 208 209 244 245 246 247 248 249 284 285 286 287 288 289
18 206 207 208 209 210 211 246 247 248 249 250 251 286 287 288 289 290 291
18 206 207 208 209 210 211 246 247 248 249 250 251 286 287 288 289 290 291
18 208 209 210 211 212 213 248 249 250 251 252 253 288 289 290 291 292 293
18 208 209 210 211 212 213 248 249 250 251 252 253 288 289 290 291 292 293
18 210 211 212 213 214 215 250 251 252 253 254 255 290 291 292 293 294 295
18 210 211 212 213 214 215 250 251 252 253 254 255 290 291 292 293 294 295
18 212 213 214 215 216 217 252 253 254 255 256 257 292 293 294 295 296 297
18 212 213 214 215 216 217 252 253 254 255 256 257 292 293 294 295 296 297
18 214 215 216 217 218 219 254 255 256 257 258 259 294 295 296 297 298 299
18 214 215 216 217 218 219 254 255 256 257 258 259 294 295 296 297 298 299
18 216 217 218 219 220 221 256 257 258 259 260 261 296 297 298 299 300 301
18 216 217 218 219 220 221 256 257 258 259 260 261 296 297 298 299 300 301
18 218 219 220 221 222 223 258 259 260 261 262 263 298 299 300 301 302 303
18 218 219 220 221 222 223 258 259 260 261 262 263 298 299 300 301 302 303
18 220 221 222 223 224 225 260 261 262 263 264 265 300 301 302 303 304 305
18 220 221 222 223 224 225 260 261 262 263 264 265 300 301 302 303 304 305
18 222 223 224 225 226 227 262 263 264 265 266 267 302 303 304 305 306 307
18 222 223 224 225 226 227 262 263 264 265 266 267 302 303 304 305 306 307
18 224 225 226 227 228 229 264 265 266 267 268 269 304 305 306 307 308 309
18 224 225 226 227 228 229 264 265 266 267 268 269 304 305 306 307 308 309
15 226 227 228 230 231 266 267 268 269 270 306 307 308 310 311
15 226 227 229 230 231 266 267 268 269 271 306 307 309 310 311
17 228 229 230 231 232 233 268 270 271 272 273 308 309 310 311 312 313
17 228 229 230 231 232 233 269 270 271 272 273 308 309 310 311 312 313
17 230 231 232 234 235 270 271 272 273 274 275 310 311 312 313 314 315
17 230 231 233 234 235 270 271 272 273 274 275 310 311 312 313 314 315
15 232 233 234 235 236 237 272 273 274 276 312 313 314 316 317
15 232 233 234 235 236 237 272 273 275 277 312 313 315 316 317
14 234 235 236 237 238 239 274 276 278 314 315 316 318 319
14 234 235 236 237 238 239 275 277 279 314 315 317 318 319
10 236 237 238 239 276 278 316 317 318 319
10 236 237 238 239 277 279 316 317 318 319
12 240 241 242 243 280 281 282 283 320 321 322 323
12 240 241 242 243 280 281 282 283 320 321 322 323
18 240 241 242 243 244 245 280 281 282 283 284 285 320 321 322 323 324 325
18 240 241 242 243 244 245 280 281 282 283 284 285 320 321 322 323 324 325
18 242 243 244 245 246 247 282 283 284 285 286 287 322 323 324 325 326 327
18 242 243 244 245 246 247 282 283 284 285 286 287 322 323 324 325 326 327
18 244 245 246 247 248 249 284 285 286 287 288 289 324 325 326 327 328 329
18 244 245 246 247 248 249 284 285 286 287 288 289 324 325 326 327 328 329
18 246 247 248 249 250 251 286 287 288 289 290 291 326 327 328 329 330 331
18 246 247 248 249 250 251 286 287 288 289 290 291 326 327 328 329 330 331
18 248 249 250 251 252 253 288 289 290 291 292 293 328 329 330 331 332 333
18 248 249 250 251 252 253 288 289 290 291 292 293 328 329 330 331 332 333
18 250 251 252 253 254 255 290 291 292 293 294 295 330 331 332 333 334 335
18 250 251 252 253 254 255 290 291 292 293 294 295 330 331 332 333 334 335
18 252 253 254 255 256 257 292 293 294 295 296 297 332 333 334 335 336 337
18 252 253 254 255 256 257 292 293 294 295 296 297 332 333 334 335 336 337
18 254 255 256 257 258 259 294 295 296 297 298 299 334 335 336 337 338 339
18 254 255 256 257 258 259 294 295 296 297 298 299 334 335 336 337 338 339
18 256 257 258 259 260 261 296 297 298 299 300 301 336 337 338 339 340 341
18 256 257 258 259 260 261 296 297 298 299 300 301 336 337 338 339 340 341
18 258 259 260 261 262 263 298 299 300 301 302 303 338 339 340 341 342 343
18 258 259 260 261 262 263 298 299 300 301 302 303 338 339 340 341 342 343
18 260 261 262 263 264 265 300 301 302 303 304 305 340 341 342 343 344 345
18 260 261 262 263 264 265 300 301 302 303 304 305 340 341 342 343 344 345
17 262 263 264 265 266 267 302 303 304 306 307 342 343 344 345 346 347
17 262 263 264 265 266 267 302 303 305 306 307 342 343 344 345 346 347
18 264 265 266 267 268 269 304 305 306 307 308 309 344 345 346 347 348 349
18 264 265 266 267 268 269 304 305 306 307 308 309 344 345 346 347 348 349
16 266 267 268 270 271 306 307 308 309 310 311 346 347 348 350 351
16 266 267 269 270 271 306 307 308 309 310 311 346 347 349 350 351
18 268 269 270 271 272 273 308 309 310 311 312 313 348 349 350 351 352 353
18 268 269 270 271 272 273 308 309 310 311 312 313 348 349 350 351 352 353
17 270 271 272 273 274 275 310 311 312 313 314 315 350 351 352 354 355
17 270 271 272 273 274 275 310 311 312 313 314 315 350 351 353 354 355
17 272 273 274 276 277 312 313 314 315 316 317 352 353 354 355 356 357
17 272 273 275 276 277 312 313 314 315 316 317 352 353 354 355 356 357
17 274 275 276 278 279 314 315 316 317 318 319 354 355 356 357 358 359
17 274 275 277 278 279 314 315 316 317 318 319 354 355 356 357 358 359
12 276 277 278 279 316 317 318 319 356 357 358 359
12 276 277 278 279 316 317 318 319 356 357 358 359
12 280 281 282 283 320 321 322 323 360 361 362 363
12 280 281 282 283 320 321 322 323 360 361 362 363
18 280 281 282 283 284 285 320 321 322 323 324 325 360 361 362 363 364 365
18 280 281 282 283 284 285 320 321 322 323 324 325 360 361 362 363 364 365
18 282 283 284 285 286 287 322 323 324 325 326 327 362 363 364 365 366 367
18 282 283 284 285 286 287 322 323 324 325 326 327 362 363 364 365 366 367
18 284 285 286 287 288 289 324 325 326 327 328 329 364 365 366 367 368 369
18 284 285 286 287 288 289 324 325 326 327 328 329 364 365 366 367 368 369
18 286 287 288 289 290 291 326 327 328 329 330 331 366 367 368 369 370 371
18 286 287 288 289 290 291 326 327 328 329 330 331 366 367 368 369 370 371
18 288 289 290 291 292 293 328 329 330 331 332 333 368 369 370 371 372 373
18 288 289 290 291 292 293 328 329 330 331 332 333 368 369 370 371 372 373
18 290 291 292 293 294 295 330 331 332 333 334 335 370 371 372 373 374 375
18 290 291 292 293 294 295 330 331 332 333 334 335 370 371 372 373 374 375
18 292 293 294 295 296 297 332 333 334 335 336 337 372 373 374 375 376 377
18 292 293 294 295 296 297 332 333 334 335 336 337 372 373 374 375 376 377
18 294 295 296 297 298 299 334 335 336 337 338 339 374 375 376 377 378 379
18 294 295 296 297 298 299 334 335 336 337 338 339 374 375 376 377 378 379
18 296 297 298 299 300 301 336 337 338 339 340 341 376 377 378 379 380 381
18 296 297 298 299 300 301 336 337 338 339 340 341 376 377 378 379 380 381
17 298 299 300 301 302 303 338 339 340 342 343 378 379 380 381 382 383
17 298 299 300 301 302 303 338 339 341 342 343 378 379 380 381 382 383
18 300 301 302 303 304 305 340 341 342 343 344 345 380 381 382 383 384 385
18 300 301 302 303 304 305 340 341 342 343 344 345 380 381 382 383 384 385
17 302 303 304 305 306 307 342 343 344 346 347 382 383 384 385 386 387
17 302 303 304 305 306 307 342 343 345 346 347 382 383 384 385 386 387
18 304 305 306 307 308 309 344 345 346 347 348 349 384 385 386 387 388 389
18 304 305 306 307 308 309 344 345 346 347 348 349 384 385 386 387 388 389
16 306 307 308 310 311 346 347 348 349 350 351 386 387 388 390 391
16 306 307 309 310 311 346 347 348 349 350 351 386 387 389 390 391
18 308 309 310 311 312 313 348 349 350 351 352 353 388 389 390 391 392 393
18 308 309 310 311 312 313 348 349 350 351 352 353 388 389 390 391 392 393
16 310 311 312 314 315 350 351 352 353 354 355 390 391 392 394 395
16 310 311 313 314 315 350 351 352 353 354 355 390 391 393 394 395
18 312 313 314 315 316 317 352 353 354 355 356 357 392 393 394 395 396 397
18 312 313 314 315 316 317 352 353 354 355 356 357 392 393 394 395 396 397
18 314 315 316 317 318 319 354 355 356 357 358 359 394 395 396 397 398 399
18 314 315 316 317 318 319 354 355 356 357 358 359 394 395 396 397 398 399
12 316 317 318 319 356 357 358 359 396 397 398 399
12 316 317 318 319 356 357 358 359 396 397 398 399
12 320 321 322 323 360 361 362 363 400 401 402 403
12 320 321 322 323 360 361 362 363 400 401 402 403
18 320 321 322 323 324 325 360 361 362 363 364 365 400 401 402 403 404 405
18 320 321 322 323 324 325 360 361 362 363 364 365 400 401 402 403 404 405
18 322 323 324 325 326 327 362 363 364 365 366 367 402 403 404 405 406 407
18 322 323 324 325 326 327 362 363 364 365 366 367 402 403 404 405 406 407
18 324 325 326 327 328 329 364 365 366 367 368 369 404 405 406 407 408 409
18 324 325 326 327 328 329 364 365 366 367 368 369 404 405 406 407 408 409
18 326 327 328 329 330 331 366 367 368 369 370 371 406 407 408 409 410 411
18 326 327 328 329 330 331 366 367 368 369 370 371 406 407 408 409 410 411
18 328 329 330 331 332 333 368 369 370 371 372 373 408 409 410 411 412 413
18 328 329 330 331 332 333 368 369 370 371 372 373 408 409 410 411 412 413
18 330 331 332 333 334 335 370 371 372 373 374 375 410 411 412 413 414 415
18 330 331 332 333 334 335 370 371 372 373 374 375 410 411 412 413 414 415
18 332 333 334 335 336 337 372 373 374 375 376 377 412 413 414 415 416 417
18 332 333 334 335 336 337 372 373 374 375 376 377 412 413 414 415 416 417
18 334 335 336 337 338 339 374 375 376 377 378 379 414 415 416 417 418 419
18 334 335 336 337 338 339 374 375 376 377 378 379 414 415 416 417 418 419
18 336 337 338 339 340 341 376 377 378 379 380 381 416 417 418 419 420 421
18 336 337 338 339 340 341 376 377 378 379 380 381 416 417 418 419 420 421
18 338 339 340 341 342 343 378 379 380 381 382 383 418 419 420 421 422 423
18 338 339 340 341 342 343 378 379 380 381 382 383 418 419 420 421 422 423
18 340 341 342 343 344 345 380 381 382 383 384 385 420 421 422 423 424 425
18 340 341 342 343 344 345 380 381 382 383 384 385 420 421 422 423 424 425
18 342 343 344 345 346 347 382 383 384 385 386 387 422 423 424 425 426 427
18 342 343 344 345 346 347 382 383 384 385 386 387 422 423 424 425 426 427
18 344 345 346 347 348 349 384 385 386 387 388 389 424 425 426 427 428 429
18 344 345 346 347 348 349 384 385 386 387 388 389 424 425 426 427 428 429
15 346 347 348 350 351 386 387 388 389 390 426 427 428 430 431
15 346 347 349 350 351 386 387 388 389 391 426 427 429 430 431
17 348 349 350 351 352 353 388 390 391 392 393 428 429 430 431 432 433
17 348 349 350 351 352 353 389 390 391 392 393 428 429 430 431 432 433
17 350 351 352 354 355 390 391 392 393 394 395 430 431 432 433 434 435
17 350 351 353 354 355 390 391 392 393 394 395 430 431 432 433 434 435
16 352 353 354 355 356 357 392 393 394 396 397 432 433 434 436 437
16 352 353 354 355 356 357 392 393 395 396 397 432 433 435 436 437
16 354 355 356 357 358 359 394 395 396 398 399 434 435 436 438 439
16 354 355 356 357 358 359 394 395 397 398 399 434 435 437 438 439
12 356 357 358 359 396 397 398 399 436 437 438 439
12 356 357 358 359 396 397 398 399 436 437 438 439
12 360 361 362 363 400 401 402 403 440 441 442 443
12 360 361 362 363 400 401 402 403 440 441 442 443
18 360 361 362 363 364 365 400 401 402 403 404 405 440 441 442 443 444 445
18 360 361 362 363 364 365 400 401 402 403 404 405 440 441 442 443 444 445
18 362 363 364 365 366 367 402 403 404 405 406 407 442 443 444 445 446 447
18 362 363 364 365 366 367 402 403 404 405 406 407 442 443 444 445 446 447
18 364 365 366 367 368 369 404 405 406 407 408 409 444 445 446 447 448 449
18 364 365 366 367 368 369 404 405 406 407 408 409 444 445 446 447 448 449
17 366 367 368 369 370 371 406 407 408 409 410 446 447 448 449 450 451
17 366 367 368 369 370 371 406 407 408 409 411 446 447 448 449 450 451
17 368 369 370 371 372 373 408 410 411 412 413 448 449 450 451 452 453
17 368 369 370 371 372 373 409 410 411 412 413 448 449 450 451 452 453
18 370 371 372 373 374 375 410 411 412 413 414 415 450 451 452 453 454 455
18 370 371 372 373 374 375 410 411 412 413 414 415 450 451 452 453 454 455
18 372 373 374 375 376 377 412 413 414 415 416 417 452 453 454 455 456 457
18 372 373 374 375 376 377 412 413 414 415 416 417 452 453 454 455 456 457
18 374 375 376 377 378 379 414 415 416 417 418 419 454 455 456 457 458 459
18 374 375 376 377 378 379 414 415 416 417 418 419 454 455 456 457 458 459
18 376 377 378 379 380 381 416 417 418 419 420 421 456 457 458 459 460 461
18 376 377 378 379 380 381 416 417 418 419 420 421 456 457 458 459 460 461
18 378 379 380 381 382 383 418 419 420 421 422 423 458 459 460 461 462 463
18 378 379 380 381 382 383 418 419 420 421 422 423 458 459 460 461 462 463
18 380 381 382 383 384 385 420 421 422 423 424 425 460 461 462 463 464 465
18 380 381 382 383 384 385 420 421 422 423 424 425 460 461 462 463 464 465
18 382 383 384 385 386 387 422 423 424 425 426 427 462 463 464 465 466 467
18 382 383 384 385 386 387 422 423 424 425 426 427 462 463 464 465 466 467
18 384 385 386 387 388 389 424 425 426 427 428 429 464 465 466 467 468 469
18 384 385 386 387 388 389 424 425 426 427 428 429 464 465 466 467 468 469
15 386 387 388 390 391 426 427 428 429 430 466 467 468 470 471
15 386 387 389 390 391 426 427 428 429 431 466 467 469 470 471
17 388 389 390 391 392 393 428 430 431 432 433 468 469 470 471 472 473
17 388 389 390 391 392 393 429 430 431 432 433 468 469 470 471 472 473
18 390 391 392 393 394 395 430 431 432 433 434 435 470 471 472 473 474 475
18 390 391 392 393 394 395 430 431 432 433 434 435 470 471 472 473 474 475
17 392 393 394 396 397 432 433 434 435 436 437 472 473 474 475 476 477
17 392 393 395 396 397 432 433 434 435 436 437 472 473 474 475 476 477
17 394 395 396 398 399 434 435 436 437 438 439 474 475 476 477 478 479
17 394 395 397 398 399 434 435 436 437 438 439 474 475 476 477 478 479
12 396 397 398 399 436 437 438 439 476 477 478 479
12 396 397 398 399 436 437 438 439 476 477 478 479
12 400 401 402 403 440 441 442 443 480 481 482 483
12 400 401 402 403 440 441 442 443 480 481 482 483
18 400 401 402 403 404 405 440 441 442 443 444 445 480 481 482 483 484 485
18 400 401 402 403 404 405 440 441 442 443 444 445 480 481 482 483 484 485
18 402 403 404 405 406 407 442 443 444 445 446 447 482 483 484 485 486 487
18 402 403 404 405 406 407 442 443 444 445 446 447 482 483 484 485 486 487
18 404 405 406 407 408 409 444 445 446 447 448 449 484 485 486 487 488 489
18 404 405 406 407 408 409 444 445 446 447 448 449 484 485 486 487 488 489
17 406 407 408 409 410 411 446 447 448 449 450 486 487 488 489 490 491
17 406 407 408 409 410 411 446 447 448 449 451 486 487 488 489 490 491
17 408 409 410 411 412 413 448 450 451 452 453 488 489 490 491 492 493
17 408 409 410 411 412 413 449 450 451 452 453 488 489 490 491 492 493
18 410 411 412 413 414 415 450 451 452 453 454 455 490 491 492 493 494 495
18 410 411 412 413 414 415 450 451 452 453 454 455 490 491 492 493 494 495
18 412 413 414 415 416 417 452 453 454 455 456 457 492 493 494 495 496 497
18 412 413 414 415 416 417 452 453 454 455 456 457 492 493 494 495 496 497
18 414 415 416 417 418 419 454 455 456 457 458 459 494 495 496 497 498 499
18 414 415 416 417 418 419 454 455 456 457 458 459 494 495 496 497 498 499
18 416 417 418 419 420 421 456 457 458 459 460 461 496 497 498 499 500 501
18 416 417 418 419 420 421 456 457 458 459 460 461 496 497 498 499 500 501
18 418 419 420 421 422 423 458 459 460 461 462 463 498 499 500 501 502 503
18 418 419 420 421 422 423 458 459 460 461 462 463 498 499 500 501 502 503
18 420 421 422 423 424 425 460 461 462 463 464 465 500 501 502 503 504 505
18 420 421 422 423 424 425 460 461 462 463 464 465 500 501 502 503 504 505
17 422 423 424 425 426 427 462 463 464 465 466 467 502 503 504 506 507
17 422 423 424 425 426 427 462 463 464 465 466 467 502 503 505 506 507
17 424 425 426 427 428 429 464 465 466 467 468 469 504 505 506 508 509
17 424 425 426 427 428 429 464 465 466 467 468 469 504 505 507 508 509
17 426 427 428 430 431 466 467 468 469 470 471 506 507 508 509 510 511
17 426 427 429 430 431 466 467 468 469 470 471 506 507 508 509 510 511
17 428 429 430 431 432 433 468 469 470 471 472 473 508 509 510 512 513
17 428 429 430 431 432 433 468 469 470 471 472 473 508 509 511 512 513
18 430 431 432 433 434 435 470 471 472 473 474 475 510 511 512 513 514 515
18 430 431 432 433 434 435 470 471 472 473 474 475 510 511 512 513 514 515
18 432 433 434 435 436 437 472 473 474 475 476 477 512 513 514 515 516 517
18 432 433 434 435 436 437 472 473 474 475 476 477 512 513 514 515 516 517
17 434 435 436 437 438 439 474 475 476 477 478 479 514 515 516 518 519
17 434 435 436 437 438 439 474 475 476 477 478 479 514 515 517 518 519
12 436 437 438 439 476 477 478 479 516 517 518 519
12 436 437 438 439 476 477 478 479 516 517 518 519
12 440 441 442 443 480 481 482 483 520 521 522 523
12 440 441 442 443 480 481 482 483 520 521 522 523
18 440 441 442 443 444 445 480 481 482 483 484 485 520 521 522 523 524 525
18 440 441 442 443 444 445 480 481 482 483 484 485 520 521 522 523 524 525
18 442 443 444 445 446 447 482 483 484 485 486 487 522 523 524 525 526 527
18 442 443 444 445 446 447 482 483 484 485 486 487 522 523 524 525 526 527
18 444 445 446 447 448 449 484 485 486 487 488 489 524 525 526 527 528 529
18 444 445 446 447 448 449 484 485 486 487 488 489 524 525 526 527 528 529
17 446 447 448 449 450 451 486 487 488 489 490 526 527 528 529 530 531
17 446 447 448 449 450 451 486 487 488 489 491 526 527 528 529 530 531
17 448 449 450 451 452 453 488 490 491 492 493 528 529 530 531 532 533
17 448 449 450 451 452 453 489 490 491 492 493 528 529 530 531 532 533
18 450 451 452 453 454 455 490 491 492 493 494 495 530 531 532 533 534 535
18 450 451 452 453 454 455 490 491 492 493 494 495 530 531 532 533 534 535
18 452 453 454 455 456 457 492 493 494 495 496 497 532 533 534 535 536 537
18 452 453 454 455 456 457 492 493 494 495 496 497 532 533 534 535 536 537
18 454 455 456 457 458 459 494 495 496 497 498 499 534 535 536 537 538 539
18 454 455 456 457 458 459 494 495 496 497 498 499 534 535 536 537 538 539
18 456 457 458 459 460 461 496 497 498 499 500 501 536 537 538 539 540 541
18 456 457 458 459 460 461 496 497 498 499 500 501 536 537 538 539 540 541
18 458 459 460 461 462 463 498 499 500 501 502 503 538 539 540 541 542 543
18 458 459 460 461 462 463 498 499 500 501 502 503 538 539 540 541 542 543
18 460 461 462 463 464 465 500 501 502 503 504 505 540 541 542 543 544 545
18 460 461 462 463 464 465 500 501 502 503 504 505 540 541 542 543 544 545
16 462 463 464 466 467 502 503 504 505 506 507 542 543 544 546 547
16 462 463 465 466 467 502 503 504 505 506 507 542 543 545 546 547
16 464 465 466 468 469 504 505 506 507 508 509 544 545 546 548 549
16 464 465 467 468 469 504 505 506 507 508 509 544 545 547 548 549
18 466 467 468 469 470 471 506 507 508 509 510 511 546 547 548 549 550 551
18 466 467 468 469 470 471 506 507 508 509 510 511 546 547 548 549 550 551
16 468 469 470 472 473 508 509 510 511 512 513 548 549 550 552 553
16 468 469 471 472 473 508 509 510 511 512 513 548 549 551 552 553
17 470 471 472 473 474 475 510 511 512 513 514 550 551 552 553 554 555
17 470 471 472 473 474 475 510 511 512 513 515 550 551 552 553 554 555
16 472 473 474 475 476 477 512 514 515 516 517 552 553 554 556 557
16 472 473 474 475 476 477 513 514 515 516 517 552 553 555 556 557
16 474 475 476 478 479 514 515 516 518 519 554 555 556 557 558 559
16 474 475 477 478 479 514 515 517 518 519 554 555 556 557 558 559
12 476 477 478 479 516 517 518 519 556 557 558 559
12 476 477 478 479 516 517 518 519 556 557 558 559
12 480 481 482 483 520 521 522 523 560 561 562 563
12 480 481 482 483 520 521 522 523 560 561 562 563
18 480 481 482 483 484 485 520 521 522 523 524 525 560 561 562 563 564 565
18 480 481 482 483 484 485 520 521 522 523 524 525 560 561 562 563 564 565
18 482 483 484 485 486 487 522 523 524 525 526 527 562 563 564 565 566 567
18 482 483 484 485 486 487 522 523 524 525 526 527 562 563 564 565 566 567
18 484 485 486 487 488 489 524 525 526 527 528 529 564 565 566 567 568 569
18 484 485 486 487 488 489 524 525 526 527 528 529 564 565 566 567 568 569
18 486 487 488 489 490 491 526 527 528 529 530 531 566 567 568 569 570 571
18 486 487 488 489 490 491 526 527 528 529 530 531 566 567 568 569 570 571
18 488 489 490 491 492 493 528 529 530 531 532 533 568 569 570 571 572 573
18 488 489 490 491 492 493 528 529 530 531 532 533 568 569 570 571 572 573
18 490 491 492 493 494 495 530 531 532 533 534 535 570 571 572 573 574 575
18 490 491 492 493 494 495 530 531 532 533 534 535 570 571 572 573 574 575
18 492 493 494 495 496 497 532 533 534 535 536 537 572 573 574 575 576 577
18 492 493 494 495 496 497 532 533 534 535 536 537 572 573 574 575 576 577
18 494 495 496 497 498 499 534 535 536 537 538 539 574 575 576 577 578 579
18 494 495 496 497 498 499 534 535 536 537 538 539 574 575 576 577 578 579
18 496 497 498 499 500 501 536 537 538 539 540 541 576 577 578 579 580 581
18 496 497 498 499 500 501 536 537 538 539 540 541 576 577 578 579 580 581
18 498 499 500 501 502 503 538 539 540 541 542 543 578 579 580 581 582 583
18 498 499 500 501 502 503 538 539 540 541 542 543 578 579 580 581 582 583
18 500 501 502 503 504 505 540 541 542 543 544 545 580 581 582 583 584 585
18 500 501 502 503 504 505 540 541 542 543 544 545 580 581 582 583 584 585
17 502 503 504 506 507 542 543 544 545 546 547 582 583 584 585 586 587
17 502 503 505 506 507 542 543 544 545 546 547 582 583 584 585 586 587
17 504 505 506 508 509 544 545 546 547 548 549 584 585 586 587 588 589
17 504 505 507 508 509 544 545 546 547 548 549 584 585 586 587 588 589
17 506 507 508 509 510 511 546 547 548 549 550 551 586 587 588 590 591
18 506 507 508 509 510 511 546 547 548 549 550 551 586 587 588 589 590 591
16 508 509 510 512 513 548 549 550 551 552 553 588 589 590 592 593
16 508 509 511 512 513 548 549 550 551 552 553 588 589 591 592 593
18 510 511 512 513 514 515 550 551 552 553 554 555 590 591 592 593 594 595
18 510 511 512 513 514 515 550 551 552 553 554 555 590 591 592 593 594 595
17 512 513 514 516 517 552 553 554 555 556 557 592 593 594 595 596 597
17 512 513 515 516 517 552 553 554 555 556 557 592 593 594 595 596 597
18 514 515 516 517 518 519 554 555 556 557 558 559 594 595 596 597 598 599
18 514 515 516 517 518 519 554 555 556 557 558 559 594 595 596 597 598 599
12 516 517 518 519 556 557 558 559 596 597 598 599
12 516 517 518 519 556 557 558 559 596 597 598 599
12 520 521 522 523 560 561 562 563 600 601 602 603
12 520 521 522 523 560 561 562 563 600 601 602 603
18 520 521 522 523 524 525 560 561 562 563 564 565 600 601 602 603 604 605
18 520 521 522 523 524 525 560 561 562 563 564 565 600 601 602 603 604 605
18 522 523 524 525 526 527 562 563 564 565 566 567 602 603 604 605 606 607
18 522 523 524 525 526 527 562 563 564 565 566 567 602 603 604 605 606 607
18 524 525 526 527 528 529 564 565 566 567 568 569 604 605 606 607 608 609
18 524 525 526 527 528 529 564 565 566 567 568 569 604 605 606 607 608 609
18 526 527 528 529 530 531 566 567 568 569 570 571 606 607 608 609 610 611
18 526 527 528 529 530 531 566 567 568 569 570 571 606 607 608 609 610 611
18 528 529 530 531 532 533 568 569 570 571 572 573 608 609 610 611 612 613
18 528 529 530 531 532 533 568 569 570 571 572 573 608 609 610 611 612 613
18 530 531 532 533 534 535 570 571 572 573 574 575 610 611 612 613 614 615
18 530 531 532 533 534 535 570 571 572 573 574 575 610 611 612 613 614 615
18 532 533 534 535 536 537 572 573 574 575 576 577 612 613 614 615 616 617
18 532 533 534 535 536 537 572 573 574 575 576 577 612 613 614 615 616 617
18 534 535 536 537 538 539 574 575 576 577 578 579 614 615 616 617 618 619
18 534 535 536 537 538 539 574 575 576 577 578 579 614 615 616 617 618 619
18 536 537 538 539 540 541 576 577 578 579 580 581 616 617 618 619 620 621
18 536 537 538 539 540 541 576 577 578 579 580 581 616 617 618 619 620 621
18 538 539 540 541 542 543 578 579 580 581 582 583 618 619 620 621 622 623
18 538 539 540 541 542 543 578 579 580 581 582 583 618 619 620 621 622 623
18 540 541 542 543 544 545 580 581 582 583 584 585 620 621 622 623 624 625
18 540 541 542 543 544 545 580 581 582 583 584 585 620 621 622 623 624 625
18 542 543 544 545 546 547 582 583 584 585 586 587 622 623 624 625 626 627
18 542 543 544 545 546 547 582 583 584 585 586 587 622 623 624 625 626 627
17 544 545 546 547 548 549 584 585 586 587 588 589 624 625 626 628 629
17 544 545 546 547 548 549 584 585 586 587 588 589 624 625 627 628 629
17 546 547 548 549 550 551 586 587 588 589 590 591 626 627 628 630 631
16 546 547 549 550 551 586 587 588 589 590 591 626 627 629 630 631
17 548 549 550 552 553 588 589 590 591 592 593 628 629 630 631 632 633
17 548 549 551 552 553 588 589 590 591 592 593 628 629 630 631 632 633
18 550 551 552 553 554 555 590 591 592 593 594 595 630 631 632 633 634 635
18 550 551 552 553 554 555 590 591 592 593 594 595 630 631 632 633 634 635
17 552 553 554 555 556 557 592 593 594 595 596 597 632 633 634 636 637
17 552 553 554 555 556 557 592 593 594 595 596 597 632 633 635 636 637
17 554 555 556 557 558 559 594 595 596 597 598 599 634 635 636 638 639
17 554 555 556 557 558 559 594 595 596 597 598 599 634 635 637 638 639
12 556 557 558 559 596 597 598 599 636 637 638 639
12 556 557 558 559 596 597 598 599 636 637 638 639
12 560 561 562 563 600 601 602 603 640 641 642 643
12 560 561 562 563 600 601 602 603 640 641 642 643
18 560 561 562 563 564 565 600 601 602 603 604 605 640 641 642 643 644 645
18 560 561 562 563 564 565 600 601 602 603 604 605 640 641 642 643 644 645
18 562 563 564 565 566 567 602 603 604 605 606 607 642 643 644 645 646 647
18 562 563 564 565 566 567 602 603 604 605 606 607 642 643 644 645 646 647
18 564 565 566 567 568 569 604 605 606 607 608 609 644 645 646 647 648 649
18 564 565 566 567 568 569 604 605 606 607 608 609 644 645 646 647 648 649
18 566 567 568 569 570 571 606 607 608 609 610 611 646 647 648 649 650 651
18 566 567 568 569 570 571 606 607 608 609 610 611 646 647 648 649 650 651
18 568 569 570 571 572 573 608 609 610 611 612 613 648 649 650 651 652 653
18 568 569 570 571 572 573 608 609 610 611 612 613 648 649 650 651 652 653
18 570 571 572 573 574 575 610 611 612 613 614 615 650 651 652 653 654 655
18 570 571 572 573 574 575 610 611 612 613 614 615 650 651 652 653 654 655
18 572 573 574 575 576 577 612 613 614 615 616 617 652 653 654 655 656 657
18 572 573 574 575 576 577 612 613 614 615 616 617 652 653 654 655 656 657
18 574 575 576 577 578 579 614 615 616 617 618 619 654 655 656 657 658 659
18 574 575 576 577 578 579 614 615 616 617 618 619 654 655 656 657 658 659
18 576 577 578 579 580 581 616 617 618 619 620 621 656 657 658 659 660 661
18 576 577 578 579 580 581 616 617 618 619 620 621 656 657 658 659 660 661
18 578 579 580 581 582 583 618 619 620 621 622 623 658 659 660 661 662 663
18 578 579 580 581 582 583 618 619 620 621 622 623 658 659 660 661 662 663
18 580 581 582 583 584 585 620 621 622 623 624 625 660 661 662 663 664 665
18 580 581 582 583 584 585 620 621 622 623 624 625 660 661 662 663 664 665
17 582 583 584 585 586 587 622 623 624 625 626 627 662 663 664 666 667
17 582 583 584 585 586 587 622 623 624 625 626 627 662 663 665 666 667
17 584 585 586 588 589 624 625 626 627 628 629 664 665 666 667 668 669
17 584 585 587 588 589 624 625 626 627 628 629 664 665 666 667 668 669
17 586 587 588 590 591 626 627 628 629 630 631 666 667 668 669 670 671
17 586 587 589 590 591 626 627 628 629 630 631 666 667 668 669 670 671
18 588 589 590 591 592 593 628 629 630 631 632 633 668 669 670 671 672 673
18 588 589 590 591 592 593 628 629 630 631 632 633 668 669 670 671 672 673
18 590 591 592 593 594 595 630 631 632 633 634 635 670 671 672 673 674 675
18 590 591 592 593 594 595 630 631 632 633 634 635 670 671 672 673 674 675
17 592 593 594 596 597 632 633 634 635 636 637 672 673 674 675 676 677
17 592 593 595 596 597 632 633 634 635 636 637 672 673 674 675 676 677
15 594 595 596 598 599 634 635 636 638 639 674 675 676 678 679
15 594 595 597 598 599 634 635 637 638 639 674 675 677 678 679
12 596 597 598 599 636 637 638 639 676 677 678 679
12 596 597 598 599 636 637 638 639 676 677 678 679
12 600 601 602 603 640 641 642 643 680 681 682 683
12 600 601 602 603 640 641 642 643 680 681 682 683
18 600 601 602 603 604 605 640 641 642 643 644 645 680 681 682 683 684 685
18 600 601 602 603 604 605 640 641 642 643 644 645 680 681 682 683 684 685
18 602 603 604 605 606 607 642 643 644 645 646 647 682 683 684 685 686 687
18 602 603 604 605 606 607 642 643 644 645 646 647 682 683 684 685 686 687
18 604 605 606 607 608 609 644 645 646 647 648 649 684 685 686 687 688 689
18 604 605 606 607 608 609 644 645 646 647 648 649 684 685 686 687 688 689
18 606 607 608 609 610 611 646 647 648 649 650 651 686 687 688 689 690 691
18 606 607 608 609 610 611 646 647 648 649 650 651 686 687 688 689 690 691
18 608 609 610 611 612 613 648 649 650 651 652 653 688 689 690 691 692 693
18 608 609 610 611 612 613 648 649 650 651 652 653 688 689 690 691 692 693
18 610 611 612 613 614 615 650 651 652 653 654 655 690 691 692 693 694 695
18 610 611 612 613 614 615 650 651 652 653 654 655 690 691 692 693 694 695
18 612 613 614 615 616 617 652 653 654 655 656 657 692 693 694 695 696 697
18 612 613 614 615 616 617 652 653 654 655 656 657 692 693 694 695 696 697
18 614 615 616 617 618 619 654 655 656 657 658 659 694 695 696 697 698 699
18 614 615 616 617 618 619 654 655 656 657 658 659 694 695 696 697 698 699
18 616 617 618 619 620 621 656 657 658 659 660 661 696 697 698 699 700 701
18 616 617 618 619 620 621 656 657 658 659 660 661 696 697 698 699 700 701
18 618 619 620 621 622 623 658 659 660 661 662 663 698 699 700 701 702 703
18 618 619 620 621 622 623 658 659 660 661 662 663 698 699 700 701 702 703
18 620 621 622 623 624 625 660 661 662 663 664 665 700 701 702 703 704 705
18 620 621 622 623 624 625 660 661 662 663 664 665 700 701 702 703 704 705
16 622 623 624 626 627 662 663 664 666 667 702 703 704 705 706 707
16 622 623 625 626 627 662 663 665 666 667 702 703 704 705 706 707
17 624 625 626 627 628 629 664 665 666 667 668 669 704 705 706 708 709
17 624 625 626 627 628 629 664 665 666 667 668 669 704 705 707 708 709
17 626 627 628 629 630 631 666 667 668 669 670 671 706 707 708 710 711
18 626 627 628 629 630 631 666 667 668 669 670 671 706 707 708 709 710 711
17 628 629 630 631 632 633 668 669 670 671 672 673 708 709 710 712 713
17 628 629 630 631 632 633 668 669 670 671 672 673 708 709 711 712 713
17 630 631 632 633 634 635 670 671 672 673 674 675 710 711 712 714 715
17 630 631 632 633 634 635 670 671 672 673 674 675 710 711 713 714 715
17 632 633 634 635 636 637 672 673 674 675 676 677 712 713 714 716 717
17 632 633 634 635 636 637 672 673 674 675 676 677 712 713 715 716 717
17 634 635 636 638 639 674 675 676 677 678 679 714 715 716 717 718 719
17 634 635 637 638 639 674 675 676 677 678 679 714 715 716 717 718 719
12 636 637 638 639 676 677 678 679 716 717 718 719
12 636 637 638 639 676 677 678 679 716 717 718 719
12 640 641 642 643 680 681 682 683 720 721 722 723
12 640 641 642 643 680 681 682 683 720 721 722 723
18 640 641 642 643 644 645 680 681 682 683 684 685 720 721 722 723 724 725
18 640 641 642 643 644 645 680 681 682 683 684 685 720 721 722 723 724 725
18 642 643 644 645 646 647 682 683 684 685 686 687 722 723 724 725 726 727
18 642 643 644 645 646 647 682 683 684 685 686 687 722 723 724 725 726 727
18 644 645 646 647 648 649 684 685 686 687 688 689 724 725 726 727 728 729
18 644 645 646 647 648 649 684 685 686 687 688 689 724 725 726 727 728 729
18 646 647 648 649 650 651 686 687 688 689 690 691 726 727 728 729 730 731
18 646 647 648 649 650 651 686 687 688 689 690 691 726 727 728 729 730 731
18 648 649 650 651 652 653 688 689 690 691 692 693 728 729 730 731 732 733
18 648 649 650 651 652 653 688 689 690 691 692 693 728 729 730 731 732 733
18 650 651 652 653 654 655 690 691 692 693 694 695 730 731 732 733 734 735
18 650 651 652 653 654 655 690 691 692 693 694 695 730 731 732 733 734 735
18 652 653 654 655 656 657 692 693 694 695 696 697 732 733 734 735 736 737
18 652 653 654 655 656 657 692 693 694 695 696 697 732 733 734 735 736 737
18 654 655 656 657 658 659 694 695 696 697 698 699 734 735 736 737 738 739
18 654 655 656 657 658 659 694 695 696 697 698 699 734 735 736 737 738 739
18 656 657 658 659 660 661 696 697 698 699 700 701 736 737 738 739 740 741
18 656 657 658 659 660 661 696 697 698 699 700 701 736 737 738 739 740 741
18 658 659 660 661 662 663 698 699 700 701 702 703 738 739 740 741 742 743
18 658 659 660 661 662 663 698 699 700 701 702 703 738 739 740 741 742 743
18 660 661 662 663 664 665 700 701 702 703 704 705 740 741 742 743 744 745
18 660 661 662 663 664 665 700 701 702 703 704 705 740 741 742 743 744 745
18 662 663 664 665 666 667 702 703 704 705 706 707 742 743 744 745 746 747
18 662 663 664 665 666 667 702 703 704 705 706 707 742 743 744 745 746 747
16 664 665 666 668 669 704 705 706 707 708 709 744 745 746 748 749
16 664 665 667 668 669 704 705 706 707 708 709 744 745 747 748 749
18 666 667 668 669 670 671 706 707 708 709 710 711 746 747 748 749 750 751
17 666 667 669 670 671 706 707 708 709 710 711 746 747 748 749 750 751
16 668 669 670 672 673 708 709 710 711 712 713 748 749 750 752 753
16 668 669 671 672 673 708 709 710 711 712 713 748 749 751 752 753
16 670 671 672 674 675 710 711 712 713 714 715 750 751 752 754 755
16 670 671 673 674 675 710 711 712 713 714 715 750 751 753 754 755
16 672 673 674 676 677 712 713 714 716 717 752 753 754 755 756 757
16 672 673 675 676 677 712 713 715 716 717 752 753 754 755 756 757
17 674 675 676 677 678 679 714 715 716 717 718 719 754 755 756 758 759
17 674 675 676 677 678 679 714 715 716 717 718 719 754 755 757 758 759
12 676 677 678 679 716 717 718 719 756 757 758 759
12 676 677 678 679 716 717 718 719 756 757 758 759
12 680 681 682 683 720 721 722 723 760 761 762 763
12 680 681 682 683 720 721 722 723 760 761 762 763
18 680 681 682 683 684 685 720 721 722 723 724 725 760 761 762 763 764 765
18 680 681 682 683 684 685 720 721 722 723 724 725 760 761 762 763 764 765
18 682 683 684 685 686 687 722 723 724 725 726 727 762 763 764 765 766 767
18 682 683 684 685 686 687 722 723 724 725 726 727 762 763 764 765 766 767
18 684 685 686 687 688 689 724 725 726 727 728 729 764 765 766 767 768 769
18 684 685 686 687 688 689 724 725 726 727 728 729 764 765 766 767 768 769
18 686 687 688 689 690 691 726 727 728 729 730 731 766 767 768 769 770 771
18 686 687 688 689 690 691 726 727 728 729 730 731 766 767 768 769 770 771
18 688 689 690 691 692 693 728 729 730 731 732 733 768 769 770 771 772 773
18 688 689 690 691 692 693 728 729 730 731 732 733 768 769 770 771 772 773
18 690 691 692 693 694 695 730 731 732 733 734 735 770 771 772 773 774 775
18 690 691 692 693 694 695 730 731 732 733 734 735 770 771 772 773 774 775
18 692 693 694 695 696 697 732 733 734 735 736 737 772 773 774 775 776 777
18 692 693 694 695 696 697 732 733 734 735 736 737 772 773 774 775 776 777
18 694 695 696 697 698 699 734 735 736 737 738 739 774 775 776 777 778 779
18 694 695 696 697 698 699 734 735 736 737 738 739 774 775 776 777 778 779
18 696 697 698 699 700 701 736 737 738 739 740 741 776 777 778 779 780 781
18 696 697 698 699 700 701 736 737 738 739 740 741 776 777 778 779 780 781
18 698 699 700 701 702 703 738 739 740 741 742 743 778 779 780 781 782 783
18 698 699 700 701 702 703 738 739 740 741 742 743 778 779 780 781 782 783
18 700 701 702 703 704 705 740 741 742 743 744 745 780 781 782 783 784 785
18 700 701 702 703 704 705 740 741 742 743 744 745 780 781 782 783 784 785
17 702 703 704 705 706 707 742 743 744 746 747 782 783 784 785 786 787
17 702 703 704 705 706 707 742 743 745 746 747 782 783 784 785 786 787
17 704 705 706 708 709 744 745 746 747 748 749 784 785 786 787 788 789
17 704 705 707 708 709 744 745 746 747 748 749 784 785 786 787 788 789
17 706 707 708 709 710 711 746 747 748 749 750 751 786 787 788 790 791
17 706 707 708 709 710 711 746 747 748 749 750 751 786 787 789 790 791
17 708 709 710 712 713 748 749 750 751 752 753 788 789 790 791 792 793
17 708 709 711 712 713 748 749 750 751 752 753 788 789 790 791 792 793
17 710 711 712 714 715 750 751 752 753 754 755 790 791 792 793 794 795
17 710 711 713 714 715 750 751 752 753 754 755 790 791 792 793 794 795
17 712 713 714 715 716 717 752 753 754 756 757 792 793 794 795 796 797
17 712 713 714 715 716 717 752 753 755 756 757 792 793 794 795 796 797
16 714 715 716 718 719 754 755 756 758 759 794 795 796 797 798 799
16 714 715 717 718 719 754 755 757 758 759 794 795 796 797 798 799
12 716 717 718 719 756 757 758 759 796 797 798 799
12 716 717 718 719 756 757 758 759 796 797 798 799
12 720 721 722 723 760 761 762 763 800 801 802 803
12 720 721 722 723 760 761 762 763 800 801 802 803
18 720 721 722 723 724 725 760 761 762 763 764 765 800 801 802 803 804 805
18 720 721 722 723 724 725 760 761 762 763 764 765 800 801 802 803 804 805
18 722 723 724 725 726 727 762 763 764 765 766 767 802 803 804 805 806 807
18 722 723 724 725 726 727 762 763 764 765 766 767 802 803 804 805 806 807
18 724 725 726 727 728 729 764 765 766 767 768 769 804 805 806 807 808 809
18 724 725 726 727 728 729 764 765 766 767 768 769 804 805 806 807 808 809
18 726 727 728 729 730 731 766 767 768 769 770 771 806 807 808 809 810 811
18 726 727 728 729 730 731 766 767 768 769 770 771 806 807 808 809 810 811
18 728 729 730 731 732 733 768 769 770 771 772 773 808 809 810 811 812 813
18 728 729 730 731 732 733 768 769 770 771 772 773 808 809 810 811 812 813
18 730 731 732 733 734 735 770 771 772 773 774 775 810 811 812 813 814 815
18 730 731 732 733 734 735 770 771 772 773 774 775 810 811 812 813 814 815
18 732 733 734 735 736 737 772 773 774 775 776 777 812 813 814 815 816 817
18 732 733 734 735 736 737 772 773 774 775 776 777 812 813 814 815 816 817
18 734 735 736 737 738 739 774 775 776 777 778 779 814 815 816 817 818 819
18 734 735 736 737 738 739 774 775 776 777 778 779 814 815 816 817 818 819
18 736 737 738 739 740 741 776 777 778 779 780 781 816 817 818 819 820 821
18 736 737 738 739 740 741 776 777 778 779 780 781 816 817 818 819 820 821
18 738 739 740 741 742 743 778 779 780 781 782 783 818 819 820 821 822 823
18 738 739 740 741 742 743 778 779 780 781 782 783 818 819 820 821 822 823
18 740 741 742 743 744 745 780 781 782 783 784 785 820 821 822 823 824 825
18 740 741 742 743 744 745 780 781 782 783 784 785 820 821 822 823 824 825
17 742 743 744 745 746 747 782 783 784 785 786 787 822 823 824 826 827
17 742 743 744 745 746 747 782 783 784 785 786 787 822 823 825 826 827
17 744 745 746 747 748 749 784 785 786 787 788 789 824 825 826 828 829
17 744 745 746 747 748 749 784 785 786 787 788 789 824 825 827 828 829
16 746 747 748 750 751 786 787 788 789 790 791 826 827 828 830 831
16 746 747 749 750 751 786 787 788 789 790 791 826 827 829 830 831
18 748 749 750 751 752 753 788 789 790 791 792 793 828 829 830 831 832 833
18 748 749 750 751 752 753 788 789 790 791 792 793 828 829 830 831 832 833
17 750 751 752 753 754 755 790 791 792 793 794 795 830 831 832 834 835
17 750 751 752 753 754 755 790 791 792 793 794 795 830 831 833 834 835
18 752 753 754 755 756 757 792 793 794 795 796 797 832 833 834 835 836 837
18 752 753 754 755 756 757 792 793 794 795 796 797 832 833 834 835 836 837
18 754 755 756 757 758 759 794 795 796 797 798 799 834 835 836 837 838 839
17 754 755 756 757 758 759 794 795 796 797 798 799 834 835 837 838 839
12 756 757 758 759 796 797 798 799 836 837 838 839
12 756 757 758 759 796 797 798 799 836 837 838 839
12 760 761 762 763 800 801 802 803 840 841 842 843
12 760 761 762 763 800 801 802 803 840 841 842 843
18 760 761 762 763 764 765 800 801 802 803 804 805 840 841 842 843 844 845
18 760 761 762 763 764 765 800 801 802 803 804 805 840 841 842 843 844 845
18 762 763 764 765 766 767 802 803 804 805 806 807 842 843 844 845 846 847
18 762 763 764 765 766 767 802 803 804 805 806 807 842 843 844 845 846 847
18 764 765 766 767 768 769 804 805 806 807 808 809 844 845 846 847 848 849
18 764 765 766 767 768 769 804 805 806 807 808 809 844 845 846 847 848 849
18 766 767 768 769 770 771 806 807 808 809 810 811 846 847 848 849 850 851
18 766 767 768 769 770 771 806 807 808 809 810 811 846 847 848 849 850 851
18 768 769 770 771 772 773 808 809 810 811 812 813 848 849 850 851 852 853
18 768 769 770 771 772 773 808 809 810 811 812 813 848 849 850 851 852 853
18 770 771 772 773 774 775 810 811 812 813 814 815 850 851 852 853 854 855
18 770 771 772 773 774 775 810 811 812 813 814 815 850 851 852 853 854 855
18 772 773 774 775 776 777 812 813 814 815 816 817 852 853 854 855 856 857
18 772 773 774 775 776 777 812 813 814 815 816 817 852 853 854 855 856 857
18 774 775 776 777 778 779 814 815 816 817 818 819 854 855 856 857 858 859
18 774 775 776 777 778 779 814 815 816 817 818 819 854 855 856 857 858 859
18 776 777 778 779 780 781 816 817 818 819 820 821 856 857 858 859 860 861
18 776 777 778 779 780 781 816 817 818 819 820 821 856 857 858 859 860 861
18 778 779 780 781 782 783 818 819 820 821 822 823 858 859 860 861 862 863
18 778 779 780 781 782 783 818 819 820 821 822 823 858 859 860 861 862 863
18 780 781 782 783 784 785 820 821 822 823 824 825 860 861 862 863 864 865
18 780 781 782 783 784 785 820 821 822 823 824 825 860 861 862 863 864 865
17 782 783 784 786 787 822 823 824 825 826 827 862 863 864 865 866 867
17 782 783 785 786 787 822 823 824 825 826 827 862 863 864 865 866 867
17 784 785 786 788 789 824 825 826 827 828 829 864 865 866 867 868 869
17 784 785 787 788 789 824 825 826 827 828 829 864 865 866 867 868 869
15 786 787 788 790 791 826 827 828 829 830 866 867 868 870 871
15 786 787 789 790 791 826 827 828 829 831 866 867 869 870 871
17 788 789 790 791 792 793 828 830 831 832 833 868 869 870 871 872 873
17 788 789 790 791 792 793 829 830 831 832 833 868 869 870 871 872 873
17 790 791 792 794 795 830 831 832 833 834 835 870 871 872 873 874 875
17 790 791 793 794 795 830 831 832 833 834 835 870 871 872 873 874 875
18 792 793 794 795 796 797 832 833 834 835 836 837 872 873 874 875 876 877
18 792 793 794 795 796 797 832 833 834 835 836 837 872 873 874 875 876 877
17 794 795 796 798 799 834 835 836 837 838 839 874 875 876 877 878 879
18 794 795 796 797 798 799 834 835 836 837 838 839 874 875 876 877 878 879
12 796 797 798 799 836 837 838 839 876 877 878 879
12 796 797 798 799 836 837 838 839 876 877 878 879
12 800 801 802 803 840 841 842 843 880 881 882 883
12 800 801 802 803 840 841 842 843 880 881 882 883
18 800 801 802 803 804 805 840 841 842 843 844 845 880 881 882 883 884 885
18 800 801 802 803 804 805 840 841 842 843 844 845 880 881 882 883 884 885
18 802 803 804 805 806 807 842 843 844 845 846 847 882 883 884 885 886 887
18 802 803 804 805 806 807 842 843 844 845 846 847 882 883 884 885 886 887
18 804 805 806 807 808 809 844 845 846 847 848 849 884 885 886 887 888 889
18 804 805 806 807 808 809 844 845 846 847 848 849 884 885 886 887 888 889
18 806 807 808 809 810 811 846 847 848 849 850 851 886 887 888 889 890 891
18 806 807 808 809 810 811 846 847 848 849 850 851 886 887 888 889 890 891
18 808 809 810 811 812 813 848 849 850 851 852 853 888 889 890 891 892 893
18 808 809 810 811 812 813 848 849 850 851 852 853 888 889 890 891 892 893
18 810 811 812 813 814 815 850 851 852 853 854 855 890 891 892 893 894 895
18 810 811 812 813 814 815 850 851 852 853 854 855 890 891 892 893 894 895
18 812 813 814 815 816 817 852 853 854 855 856 857 892 893 894 895 896 897
18 812 813 814 815 816 817 852 853 854 855 856 857 892 893 894 895 896 897
18 814 815 816 817 818 819 854 855 856 857 858 859 894 895 896 897 898 899
18 814 815 816 817 818 819 854 855 856 857 858 859 894 895 896 897 898 899
18 816 817 818 819 820 821 856 857 858 859 860 861 896 897 898 899 900 901
18 816 817 818 819 820 821 856 857 858 859 860 861 896 897 898 899 900 901
18 818 819 820 821 822 823 858 859 860 861 862 863 898 899 900 901 902 903
18 818 819 820 821 822 823 858 859 860 861 862 863 898 899 900 901 902 903
18 820 821 822 823 824 825 860 861 862 863 864 865 900 901 902 903 904 905
18 820 821 822 823 824 825 860 861 862 863 864 865 900 901 902 903 904 905
18 822 823 824 825 826 827 862 863 864 865 866 867 902 903 904 905 906 907
18 822 823 824 825 826 827 862 863 864 865 866 867 902 903 904 905 906 907
18 824 825 826 827 828 829 864 865 866 867 868 869 904 905 906 907 908 909
18 824 825 826 827 828 829 864 865 866 867 868 869 904 905 906 907 908 909
15 826 827 828 830 831 866 867 868 869 870 906 907 908 910 911
15 826 827 829 830 831 866 867 868 869 871 906 907 909 910 911
17 828 829 830 831 832 833 868 870 871 872 873 908 909 910 911 912 913
17 828 829 830 831 832 833 869 870 871 872 873 908 909 910 911 912 913
18 830 831 832 833 834 835 870 871 872 873 874 875 910 911 912 913 914 915
18 830 831 832 833 834 835 870 871 872 873 874 875 910 911 912 913 914 915
18 832 833 834 835 836 837 872 873 874 875 876 877 912 913 914 915 916 917
18 832 833 834 835 836 837 872 873 874 875 876 877 912 913 914 915 916 917
17 834 835 836 837 838 839 874 875 876 877 878 914 915 916 917 918 919
17 834 835 836 837 838 839 874 875 876 877 879 914 915 916 917 918 919
11 836 837 838 839 876 878 879 916 917 918 919
11 836 837 838 839 877 878 879 916 917 918 919
12 840 841 842 843 880 881 882 883 920 921 922 923
12 840 841 842 843 880 881 882 883 920 921 922 923
18 840 841 842 843 844 845 880 881 882 883 884 885 920 921 922 923 924 925
18 840 841 842 843 844 845 880 881 882 883 884 885 920 921 922 923 924 925
18 842 843 844 845 846 847 882 883 884 885 886 887 922 923 924 925 926 927
18 842 843 844 845 846 847 882 883 884 885 886 887 922 923 924 925 926 927
18 844 845 846 847 848 849 884 885 886 887 888 889 924 925 926 927 928 929
18 844 845 846 847 848 849 884 885 886 887 888 889 924 925 926 927 928 929
18 846 847 848 849 850 851 886 887 888 889 890 891 926 927 928 929 930 931
18 846 847 848 849 850 851 886 887 888 889 890 891 926 927 928 929 930 931
18 848 849 850 851 852 853 888 889 890 891 892 893 928 929 930 931 932 933
18 848 849 850 851 852 853 888 889 890 891 892 893 928 929 930 931 932 933
18 850 851 852 853 854 855 890 891 892 893 894 895 930 931 932 933 934 935
18 850 851 852 853 854 855 890 891 892 893 894 895 930 931 932 933 934 935
18 852 853 854 855 856 857 892 893 894 895 896 897 932 933 934 935 936 937
18 852 853 854 855 856 857 892 893 894 895 896 897 932 933 934 935 936 937
18 854 855 856 857 858 859 894 895 896 897 898 899 934 935 936 937 938 939
18 854 855 856 857 858 859 894 895 896 897 898 899 934 935 936 937 938 939
18 856 857 858 859 860 861 896 897 898 899 900 901 936 937 938 939 940 941
18 856 857 858 859 860 861 896 897 898 899 900 901 936 937 938 939 940 941
18 858 859 860 861 862 863 898 899 900 901 902 903 938 939 940 941 942 943
18 858 859 860 861 862 863 898 899 900 901 902 903 938 939 940 941 942 943
17 860 861 862 863 864 865 900 901 902 903 904 905 940 941 942 944 945
18 860 861 862 863 864 865 900 901 902 903 904 905 940 941 942 943 944 945
18 862 863 864 865 866 867 902 903 904 905 906 907 942 943 944 945 946 947
18 862 863 864 865 866 867 902 903 904 905 906 907 942 943 944 945 946 947
18 864 865 866 867 868 869 904 905 906 907 908 909 944 945 946 947 948 949
18 864 865 866 867 868 869 904 905 906 907 908 909 944 945 946 947 948 949
15 866 867 868 870 871 906 907 908 909 910 946 947 948 950 951
15 866 867 869 870 871 906 907 908 909 911 946 947 949 950 951
17 868 869 870 871 872 873 908 910 911 912 913 948 949 950 951 952 953
17 868 869 870 871 872 873 909 910 911 912 913 948 949 950 951 952 953
18 870 871 872 873 874 875 910 911 912 913 914 915 950 951 952 953 954 955
18 870 871 872 873 874 875 910 911 912 913 914 915 950 951 952 953 954 955
18 872 873 874 875 876 877 912 913 914 915 916 917 952 953 954 955 956 957
18 872 873 874 875 876 877 912 913 914 915 916 917 952 953 954 955 956 957
18 874 875 876 877 878 879 914 915 916 917 918 919 954 955 956 957 958 959
18 874 875 876 877 878 879 914 915 916 917 918 919 954 955 956 957 958 959
12 876 877 878 879 916 917 918 919 956 957 958 959
12 876 877 878 879 916 917 918 919 956 957 958 959
8 880 881 882 883 920 921 922 923
8 880 881 882 883 920 921 922 923
12 880 881 882 883 884 885 920 921 922 923 924 925
12 880 881 882 883 884 885 920 921 922 923 924 925
12 882 883 884 885 886 887 922 923 924 925 926 927
12 882 883 884 885 886 887 922 923 924 925 926 927
12 884 885 886 887 888 889 924 925 926 927 928 929
12 884 885 886 887 888 889 924 925 926 927 928 929
12 886 887 888 889 890 891 926 927 928 929 930 931
12 886 887 888 889 890 891 926 927 928 929 930 931
12 888 889 890 891 892 893 928 929 930 931 932 933
12 888 889 890 891 892 893 928 929 930 931 932 933
12 890 891 892 893 894 895 930 931 932 933 934 935
12 890 891 892 893 894 895 930 931 932 933 934 935
12 892 893 894 895 896 897 932 933 934 935 936 937
12 892 893 894 895 896 897 932 933 934 935 936 937
12 894 895 896 897 898 899 934 935 936 937 938 939
12 894 895 896 897 898 899 934 935 936 937 938 939
12 896 897 898 899 900 901 936 937 938 939 940 941
12 896 897 898 899 900 901 936 937 938 939 940 941
12 898 899 900 901 902 903 938 939 940 941 942 943
12 898 899 900 901 902 903 938 939 940 941 942 943
12 900 901 902 903 904 905 940 941 942 943 944 945
11 900 901 903 904 905 940 941 942 943 944 945
12 902 903 904 905 906 907 942 943 944 945 946 947
12 902 903 904 905 906 907 942 943 944 945 946 947
12 904 905 906 907 908 909 944 945 946 947 948 949
12 904 905 906 907 908 909 944 945 946 947 948 949
11 906 907 908 910 911 946 947 948 949 950 951
11 906 907 909 910 911 946 947 948 949 950 951
12 908 909 910 911 912 913 948 949 950 951 952 953
12 908 909 910 911 912 913 948 949 950 951 952 953
12 910 911 912 913 914 915 950 951 952 953 954 955
12 910 911 912 913 914 915 950 951 952 953 954 955
12 912 913 914 915 916 917 952 953 954 955 956 957
12 912 913 914 915 916 917 952 953 954 955 956 957
12 914 915 916 917 918 919 954 955 956 957 958 959
12 914 915 916 917 918 919 954 955 956 957 958 959
8 916 917 918 919 956 957 958 959
8 916 917 918 919 956 957 958 959
