30
4 0 1 2 10
4 0 1 2 10
6 0 1 2 3 4 12
6 0 1 2 3 4 12
6 2 3 4 5 6 14
6 2 3 4 5 6 14
6 4 5 6 7 8 16
6 4 5 6 7 8 16
4 6 8 9 18
5 6 7 8 9 18
6 0 1 10 11 12 20
6 0 1 10 11 12 20
8 2 3 10 11 12 13 14 22
8 2 3 10 11 12 13 14 22
7 4 5 12 14 15 16 24
8 4 5 12 13 14 15 16 24
6 6 14 16 17 18 26
8 6 7 14 15 16 17 18 26
6 8 9 16 18 19 28
7 8 9 16 17 18 19 28
5 10 11 20 21 22
5 10 11 20 21 22
5 12 20 22 23 24
7 12 13 20 21 22 23 24
5 14 22 24 25 26
7 14 15 22 23 24 25 26
5 16 24 26 27 28
7 16 17 24 25 26 27 28
5 18 19 26 28 29
6 18 19 26 27 28 29
