1000
3 0 1 10
5 0 1 2 11 101
4 1 2 3 12
4 2 3 4 13
4 3 4 5 14
4 4 5 6 15
4 5 6 7 16
5 6 7 8 17 107
4 7 8 9 18
3 8 9 19
4 0 10 11 20
6 1 10 11 12 21 111
5 2 11 12 13 22
6 3 12 13 14 23 113
5 4 13 14 15 24
5 5 14 15 16 25
5 6 15 16 17 26
6 7 16 17 18 27 117
5 8 17 18 19 28
4 9 18 19 29
4 10 20 21 30
6 11 20 21 22 31 121
5 12 21 22 23 32
6 13 22 23 24 33 123
5 14 23 24 25 34
6 15 24 25 26 35 125
5 16 25 26 27 36
6 17 26 27 28 37 127
5 18 27 28 29 38
4 19 28 29 39
4 20 30 31 40
6 21 30 31 32 41 131
5 22 31 32 33 42
6 23 32 33 34 43 133
5 24 33 34 35 44
6 25 34 35 36 45 135
5 26 35 36 37 46
6 27 36 37 38 47 137
5 28 37 38 39 48
4 29 38 39 49
4 30 40 41 50
6 31 40 41 42 51 141
5 32 41 42 43 52
6 33 42 43 44 53 143
5 34 43 44 45 54
6 35 44 45 46 55 145
5 36 45 46 47 56
6 37 46 47 48 57 147
5 38 47 48 49 58
4 39 48 49 59
4 40 50 51 60
6 41 50 51 52 61 151
5 42 51 52 53 62
6 43 52 53 54 63 153
5 44 53 54 55 64
6 45 54 55 56 65 155
5 46 55 56 57 66
6 47 56 57 58 67 157
5 48 57 58 59 68
5 49 58 59 69 159
4 50 60 61 70
6 51 60 61 62 71 161
5 52 61 62 63 72
6 53 62 63 64 73 163
5 54 63 64 65 74
6 55 64 65 66 75 165
5 56 65 66 67 76
5 57 66 67 68 77
5 58 67 68 69 78
5 59 68 69 79 169
4 60 70 71 80
6 61 70 71 72 81 171
5 62 71 72 73 82
6 63 72 73 74 83 173
5 64 73 74 75 84
6 65 74 75 76 85 175
5 66 75 76 77 86
5 67 76 77 78 87
5 68 77 78 79 88
5 69 78 79 89 179
4 70 80 81 90
5 71 80 81 82 91
5 72 81 82 83 92
6 73 82 83 84 93 183
5 74 83 84 85 94
6 75 84 85 86 95 185
5 76 85 86 87 96
5 77 86 87 88 97
5 78 87 88 89 98
5 79 88 89 99 189
3 80 90 91
4 81 90 91 92
4 82 91 92 93
4 83 92 93 94
4 84 93 94 95
5 85 94 95 96 195
4 86 95 96 97
4 87 96 97 98
4 88 97 98 99
4 89 98 99 199
1 100
4 1 101 111 201
1 102
1 103
1 104
1 105
1 106
4 7 107 117 207
1 108
1 109
1 110
5 11 101 111 121 211
1 112
4 13 113 123 213
1 114
1 115
1 116
5 17 107 117 127 217
1 118
1 119
1 120
5 21 111 121 131 221
1 122
5 23 113 123 133 223
1 124
4 25 125 135 225
1 126
5 27 117 127 137 227
1 128
1 129
1 130
5 31 121 131 141 231
1 132
5 33 123 133 143 233
1 134
5 35 125 135 145 235
1 136
5 37 127 137 147 237
1 138
1 139
1 140
5 41 131 141 151 241
1 142
5 43 133 143 153 243
1 144
5 45 135 145 155 245
1 146
5 47 137 147 157 247
1 148
1 149
1 150
5 51 141 151 161 251
1 152
5 53 143 153 163 253
1 154
5 55 145 155 165 255
1 156
4 57 147 157 257
1 158
4 59 159 169 259
1 160
5 61 151 161 171 261
1 162
5 63 153 163 173 263
1 164
5 65 155 165 175 265
1 166
1 167
1 168
5 69 159 169 179 269
1 170
4 71 161 171 271
1 172
5 73 163 173 183 273
1 174
5 75 165 175 185 275
1 176
1 177
1 178
5 79 169 179 189 279
1 180
1 181
1 182
4 83 173 183 283
1 184
5 85 175 185 195 285
1 186
1 187
1 188
5 89 179 189 199 289
1 190
1 191
1 192
1 193
1 194
4 95 185 195 295
1 196
1 197
1 198
4 99 189 199 299
3 200 201 210
5 101 200 201 202 211
4 201 202 203 212
4 202 203 204 213
4 203 204 205 214
4 204 205 206 215
4 205 206 207 216
6 107 206 207 208 217 307
4 207 208 209 218
3 208 209 219
4 200 210 211 220
6 111 201 210 211 212 221
5 202 211 212 213 222
7 113 203 212 213 214 223 313
5 204 213 214 215 224
5 205 214 215 216 225
5 206 215 216 217 226
7 117 207 216 217 218 227 317
5 208 217 218 219 228
4 209 218 219 229
4 210 220 221 230
6 121 211 220 221 222 231
5 212 221 222 223 232
7 123 213 222 223 224 233 323
5 214 223 224 225 234
7 125 215 224 225 226 235 325
5 216 225 226 227 236
7 127 217 226 227 228 237 327
5 218 227 228 229 238
4 219 228 229 239
5 220 230 231 240 330
6 131 221 230 231 232 241
5 222 231 232 233 242
7 133 223 232 233 234 243 333
5 224 233 234 235 244
7 135 225 234 235 236 245 335
5 226 235 236 237 246
7 137 227 236 237 238 247 337
5 228 237 238 239 248
4 229 238 239 249
5 230 240 241 250 340
6 141 231 240 241 242 251
5 232 241 242 243 252
7 143 233 242 243 244 253 343
5 234 243 244 245 254
7 145 235 244 245 246 255 345
5 236 245 246 247 256
7 147 237 246 247 248 257 347
5 238 247 248 249 258
4 239 248 249 259
5 240 250 251 260 350
6 151 241 250 251 252 261
5 242 251 252 253 262
7 153 243 252 253 254 263 353
5 244 253 254 255 264
7 155 245 254 255 256 265 355
5 246 255 256 257 266
7 157 247 256 257 258 267 357
5 248 257 258 259 268
5 159 249 258 259 269
5 250 260 261 270 360
6 161 251 260 261 262 271
5 252 261 262 263 272
7 163 253 262 263 264 273 363
6 254 263 264 265 274 364
7 165 255 264 265 266 275 365
5 256 265 266 267 276
6 257 266 267 268 277 367
5 258 267 268 269 278
5 169 259 268 269 279
5 260 270 271 280 370
6 171 261 270 271 272 281
6 262 271 272 273 282 372
7 173 263 272 273 274 283 373
6 264 273 274 275 284 374
7 175 265 274 275 276 285 375
5 266 275 276 277 286
6 267 276 277 278 287 377
5 268 277 278 279 288
6 179 269 278 279 289 379
5 270 280 281 290 380
5 271 280 281 282 291
6 272 281 282 283 292 382
6 183 273 282 283 284 293
6 274 283 284 285 294 384
7 185 275 284 285 286 295 385
5 276 285 286 287 296
5 277 286 287 288 297
5 278 287 288 289 298
6 189 279 288 289 299 389
4 280 290 291 390
4 281 290 291 292
5 282 291 292 293 392
4 283 292 293 294
5 284 293 294 295 394
6 195 285 294 295 296 395
4 286 295 296 297
4 287 296 297 298
4 288 297 298 299
5 199 289 298 299 399
1 300
1 301
1 302
1 303
1 304
1 305
1 306
4 207 307 317 407
1 308
1 309
1 310
1 311
1 312
4 213 313 323 413
1 314
1 315
1 316
5 217 307 317 327 417
1 318
1 319
1 320
1 321
1 322
5 223 313 323 333 423
1 324
4 225 325 335 425
1 326
5 227 317 327 337 427
1 328
1 329
4 230 330 340 430
1 331
1 332
5 233 323 333 343 433
1 334
5 235 325 335 345 435
1 336
5 237 327 337 347 437
1 338
1 339
5 240 330 340 350 440
1 341
1 342
5 243 333 343 353 443
1 344
5 245 335 345 355 445
1 346
5 247 337 347 357 447
1 348
1 349
5 250 340 350 360 450
1 351
1 352
5 253 343 353 363 453
1 354
5 255 345 355 365 455
1 356
5 257 347 357 367 457
1 358
1 359
5 260 350 360 370 460
1 361
1 362
5 263 353 363 373 463
4 264 364 374 464
5 265 355 365 375 465
1 366
5 267 357 367 377 467
1 368
1 369
5 270 360 370 380 470
1 371
4 272 372 382 472
4 273 363 373 473
5 274 364 374 384 474
5 275 365 375 385 475
1 376
4 277 367 377 477
1 378
4 279 379 389 479
5 280 370 380 390 480
1 381
5 282 372 382 392 482
1 383
5 284 374 384 394 484
5 285 375 385 395 485
1 386
1 387
1 388
5 289 379 389 399 489
4 290 380 390 490
1 391
4 292 382 392 492
1 393
4 294 384 394 494
4 295 385 395 495
1 396
1 397
1 398
4 299 389 399 499
3 400 401 410
4 400 401 402 411
4 401 402 403 412
4 402 403 404 413
5 403 404 405 414 504
4 404 405 406 415
4 405 406 407 416
5 307 406 407 408 417
5 407 408 409 418 508
3 408 409 419
4 400 410 411 420
5 401 410 411 412 421
5 402 411 412 413 422
6 313 403 412 413 414 423
6 404 413 414 415 424 514
5 405 414 415 416 425
5 406 415 416 417 426
6 317 407 416 417 418 427
6 408 417 418 419 428 518
4 409 418 419 429
4 410 420 421 430
6 411 420 421 422 431 521
5 412 421 422 423 432
6 323 413 422 423 424 433
6 414 423 424 425 434 524
6 325 415 424 425 426 435
6 416 425 426 427 436 526
6 327 417 426 427 428 437
6 418 427 428 429 438 528
4 419 428 429 439
5 330 420 430 431 440
6 421 430 431 432 441 531
5 422 431 432 433 442
6 333 423 432 433 434 443
6 424 433 434 435 444 534
6 335 425 434 435 436 445
6 426 435 436 437 446 536
6 337 427 436 437 438 447
6 428 437 438 439 448 538
4 429 438 439 449
6 340 430 440 441 450 540
6 431 440 441 442 451 541
5 432 441 442 443 452
6 343 433 442 443 444 453
6 434 443 444 445 454 544
6 345 435 444 445 446 455
6 436 445 446 447 456 546
6 347 437 446 447 448 457
5 438 447 448 449 458
4 439 448 449 459
6 350 440 450 451 460 550
6 441 450 451 452 461 551
5 442 451 452 453 462
6 353 443 452 453 454 463
6 444 453 454 455 464 554
6 355 445 454 455 456 465
5 446 455 456 457 466
6 357 447 456 457 458 467
5 448 457 458 459 468
5 449 458 459 469 559
6 360 450 460 461 470 560
6 451 460 461 462 471 561
5 452 461 462 463 472
6 363 453 462 463 464 473
6 364 454 463 464 465 474
6 365 455 464 465 466 475
5 456 465 466 467 476
6 367 457 466 467 468 477
5 458 467 468 469 478
5 459 468 469 479 569
6 370 460 470 471 480 570
6 461 470 471 472 481 571
6 372 462 471 472 473 482
6 373 463 472 473 474 483
6 374 464 473 474 475 484
6 375 465 474 475 476 485
6 466 475 476 477 486 576
6 377 467 476 477 478 487
5 468 477 478 479 488
6 379 469 478 479 489 579
6 380 470 480 481 490 580
6 471 480 481 482 491 581
6 382 472 481 482 483 492
5 473 482 483 484 493
6 384 474 483 484 485 494
6 385 475 484 485 486 495
6 476 485 486 487 496 586
5 477 486 487 488 497
5 478 487 488 489 498
6 389 479 488 489 499 589
5 390 480 490 491 590
5 481 490 491 492 591
5 392 482 491 492 493
4 483 492 493 494
5 394 484 493 494 495
5 395 485 494 495 496
4 486 495 496 497
4 487 496 497 498
4 488 497 498 499
5 399 489 498 499 599
1 500
1 501
1 502
1 503
4 404 504 514 604
1 505
1 506
1 507
4 408 508 518 608
1 509
1 510
1 511
1 512
1 513
5 414 504 514 524 614
1 515
1 516
1 517
5 418 508 518 528 618
1 519
1 520
4 421 521 531 621
1 522
1 523
5 424 514 524 534 624
1 525
4 426 526 536 626
1 527
5 428 518 528 538 628
1 529
1 530
5 431 521 531 541 631
1 532
1 533
5 434 524 534 544 634
1 535
5 436 526 536 546 636
1 537
4 438 528 538 638
1 539
5 440 540 541 550 640
6 441 531 540 541 551 641
1 542
1 543
5 444 534 544 554 644
1 545
4 446 536 546 646
1 547
1 548
1 549
5 450 540 550 560 650
5 451 541 551 561 651
1 552
1 553
4 454 544 554 654
1 555
1 556
1 557
1 558
4 459 559 569 659
5 460 550 560 570 660
5 461 551 561 571 661
1 562
1 563
1 564
1 565
1 566
1 567
1 568
5 469 559 569 579 669
5 470 560 570 580 670
5 471 561 571 581 671
1 572
1 573
1 574
1 575
4 476 576 586 676
1 577
1 578
5 479 569 579 589 679
5 480 570 580 590 680
5 481 571 581 591 681
1 582
1 583
1 584
1 585
4 486 576 586 686
1 587
1 588
5 489 579 589 599 689
5 490 580 590 591 690
5 491 581 590 591 691
1 592
1 593
1 594
1 595
1 596
1 597
1 598
4 499 589 599 699
3 600 601 610
4 600 601 602 611
4 601 602 603 612
4 602 603 604 613
5 504 603 604 605 614
5 604 605 606 615 705
4 605 606 607 616
4 606 607 608 617
5 508 607 608 609 618
4 608 609 619 709
4 600 610 611 620
5 601 610 611 612 621
5 602 611 612 613 622
5 603 612 613 614 623
6 514 604 613 614 615 624
6 605 614 615 616 625 715
5 606 615 616 617 626
5 607 616 617 618 627
6 518 608 617 618 619 628
5 609 618 619 629 719
4 610 620 621 630
7 521 611 620 621 622 631 721
5 612 621 622 623 632
5 613 622 623 624 633
6 524 614 623 624 625 634
6 615 624 625 626 635 725
6 526 616 625 626 627 636
5 617 626 627 628 637
6 528 618 627 628 629 638
5 619 628 629 639 729
4 620 630 631 640
7 531 621 630 631 632 641 731
5 622 631 632 633 642
5 623 632 633 634 643
6 534 624 633 634 635 644
6 625 634 635 636 645 735
6 536 626 635 636 637 646
5 627 636 637 638 647
6 538 628 637 638 639 648
5 629 638 639 649 739
5 540 630 640 641 650
7 541 631 640 641 642 651 741
5 632 641 642 643 652
5 633 642 643 644 653
6 544 634 643 644 645 654
6 635 644 645 646 655 745
6 546 636 645 646 647 656
6 637 646 647 648 657 747
5 638 647 648 649 658
5 639 648 649 659 749
5 550 640 650 651 660
7 551 641 650 651 652 661 751
5 642 651 652 653 662
5 643 652 653 654 663
6 554 644 653 654 655 664
6 645 654 655 656 665 755
5 646 655 656 657 666
6 647 656 657 658 667 757
5 648 657 658 659 668
6 559 649 658 659 669 759
5 560 650 660 661 670
7 561 651 660 661 662 671 761
5 652 661 662 663 672
5 653 662 663 664 673
5 654 663 664 665 674
6 655 664 665 666 675 765
5 656 665 666 667 676
6 657 666 667 668 677 767
5 658 667 668 669 678
5 569 659 668 669 679
5 570 660 670 671 680
7 571 661 670 671 672 681 771
5 662 671 672 673 682
5 663 672 673 674 683
5 664 673 674 675 684
6 665 674 675 676 685 775
6 576 666 675 676 677 686
6 667 676 677 678 687 777
5 668 677 678 679 688
5 579 669 678 679 689
5 580 670 680 681 690
7 581 671 680 681 682 691 781
5 672 681 682 683 692
5 673 682 683 684 693
5 674 683 684 685 694
5 675 684 685 686 695
6 586 676 685 686 687 696
6 677 686 687 688 697 787
5 678 687 688 689 698
5 589 679 688 689 699
4 590 680 690 691
6 591 681 690 691 692 791
4 682 691 692 693
4 683 692 693 694
4 684 693 694 695
4 685 694 695 696
4 686 695 696 697
5 687 696 697 698 797
4 688 697 698 699
4 599 689 698 699
1 700
1 701
1 702
1 703
1 704
4 605 705 715 805
1 706
1 707
1 708
4 609 709 719 809
1 710
1 711
1 712
1 713
1 714
5 615 705 715 725 815
1 716
1 717
1 718
5 619 709 719 729 819
1 720
4 621 721 731 821
1 722
1 723
1 724
5 625 715 725 735 825
1 726
1 727
1 728
5 629 719 729 739 829
1 730
5 631 721 731 741 831
1 732
1 733
1 734
5 635 725 735 745 835
1 736
1 737
1 738
5 639 729 739 749 839
1 740
5 641 731 741 751 841
1 742
1 743
1 744
5 645 735 745 755 845
1 746
4 647 747 757 847
1 748
5 649 739 749 759 849
1 750
5 651 741 751 761 851
1 752
1 753
1 754
5 655 745 755 765 855
1 756
5 657 747 757 767 857
1 758
4 659 749 759 859
1 760
5 661 751 761 771 861
1 762
1 763
1 764
5 665 755 765 775 865
1 766
5 667 757 767 777 867
1 768
1 769
1 770
5 671 761 771 781 871
1 772
1 773
1 774
4 675 765 775 875
1 776
5 677 767 777 787 877
1 778
1 779
1 780
5 681 771 781 791 881
1 782
1 783
1 784
1 785
1 786
5 687 777 787 797 887
1 788
1 789
1 790
4 691 781 791 891
1 792
1 793
1 794
1 795
1 796
4 697 787 797 897
1 798
1 799
4 800 801 810 900
4 800 801 802 811
4 801 802 803 812
4 802 803 804 813
4 803 804 805 814
5 705 804 805 806 815
4 805 806 807 816
5 806 807 808 817 907
5 807 808 809 818 908
4 709 808 809 819
5 800 810 811 820 910
5 801 810 811 812 821
5 802 811 812 813 822
5 803 812 813 814 823
5 804 813 814 815 824
7 715 805 814 815 816 825 915
5 806 815 816 817 826
6 807 816 817 818 827 917
6 808 817 818 819 828 918
5 719 809 818 819 829
5 810 820 821 830 920
6 721 811 820 821 822 831
5 812 821 822 823 832
5 813 822 823 824 833
5 814 823 824 825 834
7 725 815 824 825 826 835 925
5 816 825 826 827 836
6 817 826 827 828 837 927
6 818 827 828 829 838 928
5 729 819 828 829 839
4 820 830 831 840
6 731 821 830 831 832 841
5 822 831 832 833 842
6 823 832 833 834 843 933
5 824 833 834 835 844
7 735 825 834 835 836 845 935
5 826 835 836 837 846
6 827 836 837 838 847 937
6 828 837 838 839 848 938
5 739 829 838 839 849
5 830 840 841 850 940
6 741 831 840 841 842 851
5 832 841 842 843 852
6 833 842 843 844 853 943
5 834 843 844 845 854
7 745 835 844 845 846 855 945
5 836 845 846 847 856
7 747 837 846 847 848 857 947
6 838 847 848 849 858 948
5 749 839 848 849 859
5 840 850 851 860 950
6 751 841 850 851 852 861
5 842 851 852 853 862
6 843 852 853 854 863 953
5 844 853 854 855 864
7 755 845 854 855 856 865 955
5 846 855 856 857 866
6 757 847 856 857 858 867
6 848 857 858 859 868 958
6 759 849 858 859 869 959
5 850 860 861 870 960
6 761 851 860 861 862 871
5 852 861 862 863 872
6 853 862 863 864 873 963
5 854 863 864 865 874
7 765 855 864 865 866 875 965
5 856 865 866 867 876
6 767 857 866 867 868 877
6 858 867 868 869 878 968
5 859 868 869 879 969
5 860 870 871 880 970
6 771 861 870 871 872 881
5 862 871 872 873 882
6 863 872 873 874 883 973
5 864 873 874 875 884
7 775 865 874 875 876 885 975
5 866 875 876 877 886
6 777 867 876 877 878 887
6 868 877 878 879 888 978
5 869 878 879 889 979
4 870 880 881 890
6 781 871 880 881 882 891
5 872 881 882 883 892
6 873 882 883 884 893 983
5 874 883 884 885 894
6 875 884 885 886 895 985
5 876 885 886 887 896
6 787 877 886 887 888 897
5 878 887 888 889 898
5 879 888 889 899 989
3 880 890 891
5 791 881 890 891 892
4 882 891 892 893
5 883 892 893 894 993
4 884 893 894 895
5 885 894 895 896 995
4 886 895 896 897
5 797 887 896 897 898
4 888 897 898 899
4 889 898 899 999
3 800 900 910
1 901
1 902
1 903
1 904
1 905
1 906
4 807 907 908 917
4 808 907 908 918
1 909
4 810 900 910 920
1 911
1 912
1 913
1 914
3 815 915 925
1 916
5 817 907 917 918 927
5 818 908 917 918 928
1 919
3 820 910 920
1 921
1 922
1 923
1 924
4 825 915 925 935
1 926
5 827 917 927 928 937
5 828 918 927 928 938
1 929
1 930
1 931
1 932
3 833 933 943
1 934
4 835 925 935 945
1 936
5 837 927 937 938 947
5 838 928 937 938 948
1 939
3 840 940 950
1 941
1 942
4 843 933 943 953
1 944
4 845 935 945 955
1 946
4 847 937 947 948
5 848 938 947 948 958
1 949
4 850 940 950 960
1 951
1 952
4 853 943 953 963
1 954
4 855 945 955 965
1 956
2 957 958
5 858 948 957 958 968
3 859 959 969
4 860 950 960 970
1 961
1 962
4 863 953 963 973
1 964
4 865 955 965 975
1 966
2 967 968
5 868 958 967 968 978
4 869 959 969 979
3 870 960 970
1 971
1 972
4 873 963 973 983
1 974
4 875 965 975 985
1 976
2 977 978
4 878 968 977 978
4 879 969 979 989
1 980
1 981
1 982
4 883 973 983 993
1 984
4 885 975 985 995
1 986
2 987 988
2 987 988
4 889 979 989 999
1 990
1 991
1 992
3 893 983 993
1 994
3 895 985 995
1 996
2 997 998
2 997 998
3 899 989 999
