199
3 45 60 135
4 45 60 136 151
3 46 61 136
4 46 61 137 152
3 47 62 137
4 47 62 138 153
3 48 63 138
4 48 63 139 154
3 49 64 139
4 49 64 140 155
3 50 65 140
4 50 65 141 156
3 51 66 141
4 51 66 142 157
3 52 67 142
4 52 67 143 158
3 53 68 143
4 53 68 144 159
3 54 69 144
4 54 69 145 160
3 55 70 145
4 55 70 146 161
3 56 71 146
4 56 71 147 162
3 57 72 147
4 57 72 148 163
3 58 73 148
4 58 73 149 164
3 59 74 149
4 59 74 135 150
3 75 90 105
4 75 90 106 121
3 76 91 106
4 76 91 107 122
3 77 92 107
4 77 92 108 123
3 78 93 108
4 78 93 109 124
3 79 94 109
4 79 94 110 125
3 80 95 110
4 80 95 111 126
3 81 96 111
4 81 96 112 127
3 82 97 112
4 82 97 113 128
3 83 98 113
4 83 98 114 129
3 84 99 114
4 84 99 115 130
3 85 100 115
4 85 100 116 131
3 86 101 116
4 86 101 117 132
3 87 102 117
4 87 102 118 133
3 88 103 118
4 88 103 119 134
3 89 104 119
4 89 104 105 120
4 15 30 135 150
4 15 30 105 120
4 16 31 136 151
4 16 31 106 121
4 17 32 137 152
4 17 32 107 122
4 18 33 138 153
4 18 33 108 123
4 19 34 139 154
4 19 34 109 124
4 20 35 140 155
4 20 35 110 125
4 21 36 141 156
4 21 36 111 126
4 22 37 142 157
4 22 37 112 127
4 23 38 143 158
4 23 38 113 128
4 24 39 144 159
4 24 39 114 129
4 25 40 145 160
4 25 40 115 130
4 26 41 146 161
4 26 41 116 131
4 27 42 147 162
4 27 42 117 132
4 28 43 148 163
4 28 43 118 133
4 29 44 149 164
4 29 44 119 134
5 0 30 31 60 90
5 1 31 32 61 91
5 2 32 33 62 92
5 3 33 34 63 93
5 4 34 35 64 94
5 5 35 36 65 95
5 6 36 37 66 96
5 7 37 38 67 97
5 8 38 39 68 98
5 9 39 40 69 99
5 10 40 41 70 100
5 11 41 42 71 101
5 12 42 43 72 102
5 13 43 44 73 103
5 14 30 44 74 104
3 3 48 165
3 4 49 165
3 4 49 166
3 5 50 166
3 5 50 167
3 6 51 167
3 6 51 168
3 7 52 168
3 7 52 169
3 8 53 169
3 8 53 170
3 9 54 170
3 9 54 171
3 10 55 171
3 10 55 172
3 11 56 172
3 11 56 173
3 12 57 173
3 12 57 174
3 13 58 174
3 13 58 175
3 14 59 175
3 0 75 176
3 0 75 177
3 1 76 177
3 1 76 178
3 2 77 178
3 2 77 179
3 3 78 179
3 3 78 180
3 4 79 180
3 4 79 181
3 5 80 181
3 5 80 182
3 6 81 182
3 6 81 183
3 7 82 183
3 7 82 184
3 8 83 184
3 8 83 185
3 9 84 185
3 9 84 186
3 10 85 186
3 10 85 187
3 11 86 187
3 11 86 188
3 12 87 188
3 12 87 189
3 13 88 189
3 13 88 190
3 14 89 190
3 14 89 176
3 0 14 15
3 0 1 16
3 1 2 17
3 2 3 18
4 3 4 19 191
3 3 4 19
5 4 5 20 191 192
3 4 5 20
5 5 6 21 192 193
3 5 6 21
5 6 7 22 193 194
3 6 7 22
5 7 8 23 194 195
3 7 8 23
5 8 9 24 195 196
3 8 9 24
5 9 10 25 196 197
3 9 10 25
4 10 11 26 197
3 10 11 26
3 11 12 27
3 11 12 27
3 12 13 28
3 12 13 28
3 13 14 29
4 13 14 29 135
1 150
1 136
1 151
1 137
1 152
1 138
1 153
3 110 123 124
5 111 124 125 191 198
5 112 125 126 192 198
5 113 126 127 193 198
4 114 127 128 194
5 115 128 129 195 198
5 116 129 130 196 198
2 197 198
6 191 192 193 195 196 197
